# Three-point probabilities for autosomes in 4-way RILs by sibling mating
# Note that these are for the minimal set of states.
# These are for the case of strong positive crossover interference
#     (the gamma model with nu=11.3)
#
rf,coi,AAA,AAB,ABA,AAC,ACA,ABC,ACB
1.62100826714216e-05,0,0.999805509483643,0.000064826879250,0.000000001891265,0.000129652077415,0.000000005463649,0.000000003362701,0.000000000840797
3.24233188509176e-05,0,0.999611042081753,0.000129639469709,0.000000007564160,0.000259272216092,0.000000021851671,0.000000013451371,0.000000003364012
6.48592554157478e-05,0,0.999222176600869,0.000259221794243,0.000000030248677,0.000518416703873,0.000000087382012,0.000000053807526,0.000000013461443
0.000129769011160135,0,0.998444722794595,0.000518215093160,0.000000120930288,0.001036322717589,0.000000349329508,0.000000215244249,0.000000053887720
0.000259740259740260,0,0.996890922718950,0.001035516893896,0.000000483206172,0.002070604469416,0.000001395730787,0.000000861090347,0.000000215885967
0.0004995004995005,0,0.994034793475675,0.001985298938951,0.000001778392390,0.003969018488405,0.000005136174325,0.000003176146842,0.000000798378670
0.000520291363163372,0,0.993787744059896,0.002067386103546,0.000001928711353,0.004133059382788,0.000005570247067,0.000003445268437,0.000000866222065
0.00100200400801603,0,0.988091272094060,0.003957183574404,0.000007084544074,0.007908080996355,0.000020455240886,0.000012711078433,0.000003212462966
0.00104384133611691,0,0.987599003953859,0.004120225044605,0.000007682065075,0.008233634261404,0.000022179958220,0.000013788414474,0.000003486293313
0.00150753768844221,0,0.982169297803068,0.005915730344044,0.000015875245132,0.011817387190593,0.000045823987761,0.000028614778812,0.000007270640664
0.00157068062827225,0,0.981433623863361,0.006158603091794,0.000017211276697,0.012301950004897,0.000049678732088,0.000031040740463,0.000007892280886
0.00201612903225806,0,0.976268734551861,0.007861014489074,0.000028107717861,0.015697133930392,0.000081110483530,0.000050897560563,0.000013001256412
0.00210084033613445,0,0.975291450321589,0.008182605107513,0.000030468069613,0.016338228682557,0.000087917671757,0.000055213935212,0.000014116201389
0.00252780586450961,0,0.970389448263924,0.009793110070882,0.000043739610238,0.019547515306284,0.000126184056081,0.000079570065694,0.000020432615151
0.00263435194942044,0,0.969172332181270,0.010192314568221,0.000047404667114,0.020342689111775,0.000136749359053,0.000086320075228,0.000022190025339
0.00304259634888438,0,0.964531306812143,0.011712089985541,0.000062728989069,0.023368722677487,0.000180915271945,0.000114643264891,0.000029592985703
0.00317124735729387,0,0.963076120583187,0.012187813582105,0.000067973783926,0.024315546903222,0.000196027829044,0.000124371623422,0.000032145681267
0.00356052899287894,0,0.958694179991623,0.013618025978186,0.000085034333201,0.027160944707491,0.000245175915399,0.000156128456008,0.000040510603605
0.00371155885471898,0,0.957002668925226,0.014169182906538,0.000092128617909,0.028257014504401,0.000265608544571,0.000169381427224,0.000044015059315
0.00408163265306122,0,0.952877939497790,0.015510988656903,0.000110614526729,0.030924367399308,0.000318838967991,0.000204037262821,0.000053213674154
0.00425531914893617,0,0.950951832831612,0.016136501965254,0.000119822841862,0.032167301242912,0.000345348371337,0.000221362717489,0.000057830014933
0.00460593654042989,0,0.947082458898706,0.017391047506714,0.000139428852476,0.034659174129943,0.000401778588421,0.000258381633927,0.000067730375200
0.0048025613660619,0,0.944923470123973,0.018089848865237,0.000151010595484,0.036046613368199,0.000435105553205,0.000280329106819,0.000073622372252
0.00513347022587269,0,0.941307613613701,0.019258270903641,0.000171436985748,0.038365545685619,0.000493870093130,0.000319173842873,0.000084088860599
0.00535331905781585,0,0.938917440791420,0.020029300413927,0.000185646477830,0.039895154094741,0.000534739688733,0.000346294590014,0.000091423928449
0.00566426364572606,0,0.935553280888315,0.021112726127743,0.000206598987917,0.042043660294610,0.000594989936691,0.000386426486812,0.000102317263005
0.00590762620837809,1.87930479259277e-14,0.932933606962247,0.021954932135067,0.000223685539426,0.043713123641856,0.000644111707106,0.000419273542211,0.000111266457018
0.00619834710743802,5.37347943918576e-14,0.929819339772388,0.022954479376366,0.000244875300196,0.045693693660369,0.000705015692750,0.000460152485843,0.000122443696803
0.00646551724137931,8.58572472376788e-14,0.926971832876129,0.023866818284773,0.000265083274741,0.047500719274003,0.000763083845027,0.000499280718235,0.000133181711407
0.00673575129533679,1.64825418271273e-13,0.924105671096409,0.024783595777031,0.000286226737598,0.049315818993918,0.000823826035346,0.000540365082535,0.000144496261259
0.00702702702702703,2.21190587213781e-13,0.921031984856738,0.025765031867267,0.000309795614822,0.051258135340240,0.000891519623963,0.000586331251965,0.000157201428892
0.00727650727650728,3.66183274179223e-13,0.918412157450270,0.026600139400053,0.000330614482895,0.052910207045546,0.000951300720377,0.000627077841145,0.000168503043344
0.00759219088937093,5.55682484153814e-13,0.915113931284044,0.027649644650093,0.000357778919878,0.054985563312485,0.001029283827455,0.000680440655372,0.000183357333882
0.0078206465067779,7.38194690560097e-13,0.912738683160849,0.028404173270948,0.000378000080696,0.056477026135954,0.001087320567341,0.000720304647197,0.000194492120655
0.00816104461371056,1.11552248919603e-12,0.909217542569002,0.029520727179261,0.000408989972237,0.058683191823732,0.001176242479264,0.000781624818236,0.000211681141738
0.00836820083682008,1.43285383558123e-12,0.907085134271108,0.030195759382312,0.000428345431534,0.060016442186429,0.001231767441262,0.000820059706449,0.000222491564131
0.00873362445414847,2.2118973319607e-12,0.903342691126499,0.031378348793731,0.000463385969110,0.062351206704481,0.001332262821183,0.000889900006981,0.000242204561982
0.00891920251836306,2.70112037312361e-12,0.901451398518857,0.031974958706274,0.000481612786432,0.063528618749842,0.001384524235550,0.000926357545558,0.000252529441407
0.00930996714129244,4.13801019593554e-12,0.897489251351011,0.033222577639959,0.000520924515678,0.065989791019418,0.001497213291805,0.001005282864319,0.000274959301888
0.00947368421052632,4.93370776332035e-12,0.895837365316080,0.033741831205456,0.000537764740835,0.067013717038702,0.001545474853828,0.001039213010095,0.000284633818919
0.0098901098901099,7.5772721430667e-12,0.891657099590779,0.035053480686126,0.000581563618437,0.069599125103436,0.001670963505638,0.001127790409301,0.000309977070218
0.0100316789862724,8.68772889885493e-12,0.890242925729168,0.035496435845067,0.000596764229498,0.070471895955467,0.001714504193615,0.001158641265720,0.000318832765500
0.0104740904079383,1.33344329730047e-11,0.885846114124557,0.036871123735864,0.000645261678320,0.073179386596187,0.001853384232118,0.001257440036491,0.000347289580460
0.0105932203389830,1.49137591165527e-11,0.884667972458855,0.037238830603737,0.000658574520788,0.073903312119987,0.001891498129010,0.001284657797013,0.000355154354759
0.0110619469026549,2.28830288051540e-11,0.880056175136454,0.038675571441751,0.000711977484137,0.076730750476474,0.002044347375234,0.001394249515651,0.000386928554305
0.0111583421891605,2.49240310929671e-11,0.879112399820741,0.038969072484603,0.000723159211383,0.077308119897747,0.002076343494161,0.001417278407393,0.000393626667960
0.011727078891258,4.07088504320282e-11,0.873576103726451,0.040687217526187,0.000790482221021,0.080686471427266,0.002268928067103,0.001556519219102,0.000434277797012
0.0122494432071269,6.25378536834763e-11,0.868538966720852,0.042245133756777,0.000854299389306,0.083747472212341,0.002451394079775,0.001689420983596,0.000473312841213
0.0122994652406417,6.50637032173978e-11,0.868058981664715,0.042393320812766,0.000860507787199,0.084038516646599,0.002469140553282,0.001702396672576,0.000477135846842
0.0128491620111732,9.99525100368096e-11,0.862811466982616,0.044010372034213,0.000929824947702,0.087213167021266,0.002667226942491,0.001847820385962,0.000520121669429
0.0128755364806867,1.02006921428218e-10,0.862560932683218,0.044087436484933,0.000933200460183,0.087364403320094,0.002676870570065,0.001854927526875,0.000522228938578
0.0134529147982063,1.56750982564328e-10,0.857104553056325,0.045762662329619,0.001008207157668,0.090650638188675,0.002891100785822,0.002013454467277,0.000569383998372
0.0134553283100108,1.57044661719397e-10,0.857081857369986,0.045769617749603,0.001008525097891,0.090664277064007,0.002892008630900,0.002014128859262,0.000569585212048
0.0140607424071991,2.41456810101681e-10,0.851418114312493,0.047502063734251,0.001089406652022,0.094060047881478,0.003122892890972,0.002186342870575,0.000621131641783
0.0146726862302483,3.65822261372273e-10,0.845752041894208,0.049228634264089,0.001173384414049,0.097441555798526,0.003362481557684,0.002366505613547,0.000675396441936
0.0152887882219706,5.45838773357298e-10,0.840106228694940,0.050942430871305,0.001260101771503,0.100795319200020,0.003609746085532,0.002553963088051,0.000732210272718
0.0159090909090909,8.02993227466686e-10,0.834480569338821,0.052643509456045,0.001349520391033,0.104121492937691,0.003864566756426,0.002748736061226,0.000791605043390
0.0165336374002281,1.16579331628843e-09,0.828874960160503,0.054331924877274,0.001441602272159,0.107420229482713,0.004126824816096,0.002950845674454,0.000853612701290
0.017162471395881,1.67185472873162e-09,0.823289299186141,0.056007730964132,0.001536309741961,0.110691678954929,0.004396402457203,0.003160313444724,0.000918265235671
0.0177956371986223,2.37020853123593e-09,0.817723486112258,0.057670980526388,0.001633605449384,0.113935989149835,0.004673182801659,0.003377161264330,0.000985594680667
0.0184331797235023,3.32431249194798e-09,0.812177422289758,0.059321725365173,0.001733452359832,0.117153305566255,0.004957049883703,0.003601411401358,0.001055633118606
0.0190751445086705,4.61561758510501e-09,0.806651010703150,0.060960016284269,0.001835813750592,0.120343771435088,0.005247888634675,0.003833086503113,0.001128412684829
0.0197215777262181,6.34793541914542e-09,0.801144155951454,0.062585903094511,0.001940653201724,0.123507527733860,0.005545584858550,0.004072209581698,0.001203965563248
0.0203725261932480,8.65259491992073e-09,0.795656764235061,0.064199434635074,0.002047934598514,0.126644713235720,0.005850025231389,0.004318804044260,0.001282324004907
0.0210280373831776,1.16947490210369e-08,0.790188743334042,0.065800658771742,0.002157622118749,0.129755464511417,0.006161097269494,0.004572893663830,0.001363520315883
0.0216881594372802,1.56806792295539e-08,0.784740002591847,0.067389622411892,0.002269680231485,0.132839915965272,0.006478689321416,0.004834502594886,0.001447586868184
0.0223529411764706,2.08666303534356e-08,0.779310452900500,0.068966371512740,0.002384073691353,0.135898199857399,0.006802690550723,0.005103655371000,0.001534556101454
0.0230224321133412,2.75691095422778e-08,0.773900006681831,0.070530951090177,0.002500767533680,0.138930446327057,0.007132990920601,0.005380376905638,0.001624460526159
0.023696682464455,3.61545128502172e-08,0.768508577873562,0.072083405227733,0.002619727069661,0.141936783416223,0.007469481178509,0.005664692492841,0.001717332726790
0.0243757431629013,4.71361046129841e-08,0.763136081911981,0.073623777084890,0.002740917881735,0.144917337091814,0.007812052841389,0.005956627808170,0.001813205365088
0.0250596658711217,6.10750911115129e-08,0.757782435718124,0.075152108905925,0.002864305818902,0.147872231268816,0.008160598180775,0.006256208909740,0.001912111183344
0.0257485029940120,7.86716314316038e-08,0.752447557681356,0.076668442027643,0.002989856992242,0.150801587831376,0.008515010208417,0.006563462239476,0.002014083007794
0.0264423076923077,1.00770284722723e-07,0.747131367645327,0.078172816887101,0.003117537769568,0.153705526653365,0.008875182659921,0.006878414620662,0.002119153749901
0.0271411338962606,0.000000128385342850695,0.741833786894357,0.079665273031514,0.003247314773590,0.156584165624000,0.009241009986201,0.007201093268920,0.002227356414964
0.0278450363196126,1.62730202269834e-07,0.736554738136863,0.081145849120264,0.003379154872699,0.159437620656749,0.009612387329130,0.007531525774618,0.002338724095409
0.0285540704738761,2.05251051663077e-07,0.731294145496082,0.082614582941124,0.003513025183267,0.162266005727381,0.009989210521350,0.007869740129298,0.002453289987203
0.0292682926829268,2.57665165870335e-07,0.726051934492305,0.084071511409223,0.003648893059776,0.165069432876952,0.010371376060993,0.008215764704899,0.002571087381699
0.0299877600979192,3.22004793713491e-07,0.720828032031913,0.085516670577975,0.003786726093428,0.167848012238959,0.010758781103796,0.008569628265545,0.002692149674280
0.0307125307125307,4.00666745878908e-07,0.715622366394442,0.086950095645096,0.003926492107596,0.170601852056514,0.011151323448829,0.008931359966749,0.002816510366537
0.031442663378545,0.00000049646887152564,0.710434867220956,0.088371820959893,0.004068159154330,0.173331058702019,0.011548901526401,0.009300989358561,0.002944203070421
0.0321782178217822,6.12713659057326e-07,0.705265465498628,0.089781880025980,0.004211695508211,0.176035736687788,0.011951414380537,0.009678546378181,0.003075261506997
0.0329192546583851,7.53260303356525e-07,0.700114093554537,0.091180305514340,0.004357069667101,0.178715988697233,0.012358761665598,0.010064061368699,0.003209719518617
0.0336658354114713,9.2260539408251e-07,0.694980685039946,0.092567129262506,0.004504250343988,0.181371915588232,0.012770843624704,0.010457565063477,0.003347611063344
0.0344180225281602,0.00000112597388725953,0.689865174921060,0.093942382283985,0.004653206465956,0.184003616417110,0.013187561082742,0.010859088597519,0.003488970223350
0.0351758793969849,1.36942080497526e-06,0.684767499466458,0.095306094770245,0.004803907168432,0.186611188447532,0.013608815429744,0.011268663500267,0.003633831203660
0.0359394703656999,0.00000165994507079341,0.679687596241123,0.096658296102120,0.004956321795822,0.189194727178554,0.014034508617296,0.011686321712799,0.003782228343578
0.0367088607594937,2.00561638595793e-06,0.674625404090816,0.097999014846405,0.005110419892861,0.191754326342523,0.014464543135965,0.012112095568683,0.003934196109204
0.0374841168996188,2.41571671960688e-06,0.669580863138088,0.099328278768602,0.005266171206616,0.194290077935877,0.014898822014513,0.012546017815707,0.004089769107202
0.038265306122449,2.90089735800099e-06,0.664553914769172,0.100646114831425,0.005423545679761,0.196802072221063,0.015337248801261,0.012988121603276,0.004248982080758
0.0390524967989757,3.47335325725834e-06,0.659544501626937,0.101952549201601,0.005582513449331,0.199290397745190,0.015779727556624,0.013438440490739,0.004411869916363
0.0398457583547558,4.14701608387352e-06,0.654552567603065,0.103247607253042,0.005743044843578,0.201755141351476,0.016226162841716,0.013897008447496,0.004578467646444
0.0406451612903226,0.00000493776753479878,0.649578057829814,0.104531313570745,0.005905110379611,0.204196388192126,0.016676459708522,0.014363859856049,0.004748810453367
0.0414507772020725,5.86367484214922e-06,0.644620918671453,0.105803691951917,0.006068680759826,0.206614221735754,0.017130523687663,0.014839029509497,0.004922933670715
0.0422626788036411,6.94524997908794e-06,0.639681097720958,0.107064765412642,0.006233726871775,0.209008723785899,0.017588260782862,0.015322552621562,0.005100872791097
0.0430809399477807,8.20573498454479e-06,0.634758543790503,0.108314556186345,0.006400219783912,0.211379974483185,0.018049577457258,0.015814464820286,0.005282663465398
0.0439056356487549,0.00000967141498834516,0.629853206907512,0.109553085727991,0.006568130744899,0.213728052319041,0.018514380626663,0.016314802154471,0.005468341508789
0.0447368421052632,1.13719614280861e-05,0.624965038308282,0.110780374713657,0.006737431181027,0.216053034140256,0.018982577649029,0.016823601092139,0.005657942902553
0.0455746367239102,0.0000133408076843978,0.620093990436626,0.111996443044996,0.006908092696237,0.218354995163442,0.019454076318939,0.017340898527861,0.005851503800680
0.0464190981432361,1.56155595261165e-05,0.615240016936130,0.113201309845363,0.007080087069096,0.220634008972800,0.019928784856046,0.017866731777789,0.006049060529957
0.0472703062583223,1.82384428945198e-05,0.610403072651259,0.114394993463957,0.007253386253463,0.222890147534230,0.020406611900545,0.018401138587216,0.006250649596779
0.0481283422459893,2.12567917661715e-05,0.605583113621947,0.115577511472365,0.007427962376864,0.225123481194221,0.020887466504171,0.018944157128666,0.006456307689091
0.0489932885906040,2.47235789009573e-05,0.600780097084516,0.116748880664833,0.007603787740649,0.227334078686484,0.021371258124416,0.019495826005297,0.006666071681065
0.0498652291105121,2.8697992313156e-05,0.595993981470272,0.117909117056094,0.007780834819958,0.229522007133776,0.021857896618262,0.020056184252107,0.006879978636858
0.050744248985115,0.0000332460604744759,0.591224726406257,0.119058235879017,0.007959076264356,0.231687332049703,0.022347292237030,0.020625271338272,0.007098065814989
0.0516304347826087,3.84413297352188e-05,0.586472292716303,0.120196251580551,0.008138484897824,0.233830117337020,0.022839355619661,0.021203127165293,0.007320370670614
0.0525238744884038,4.43655967332732e-05,0.581736642425233,0.121323177819490,0.008319033721824,0.235950425290447,0.023333997792105,0.021789792075139,0.007546930863317
0.0534246575342466,5.1109699703168e-05,0.577017738760490,0.122439027459617,0.008500695915313,0.238048316589784,0.023831130160003,0.022385306844723,0.007777784257650
0.0543328748280605,0.000058774371872969,0.572315546158871,0.123543812565256,0.008683444838200,0.240123850298679,0.024330664508192,0.022989712691312,0.008012968929764
0.0552486187845304,6.74711607666634e-05,0.567630030271097,0.124637544392880,0.008867254033114,0.242177083855509,0.024832512996408,0.023603051269356,0.008252523169572
0.0561719833564494,0.0000773234170199366,0.562961157971854,0.125720233386145,0.009052097230851,0.244208073071958,0.025336588162010,0.024225364678583,0.008496485489138
0.0571030640668524,8.84673565625247e-05,0.558308897365923,0.126791889163017,0.009237948351932,0.246216872115437,0.025842802914427,0.024856695454914,0.008744894622158
0.058041958041958,0.000101053200187945,0.553673217802021,0.127852520509728,0.009424781514106,0.248203533506483,0.026351070541148,0.025497086580535,0.008997789533783
0.0589887640449438,0.000115246394284787,0.549054089882604,0.128902135366229,0.009612571036029,0.250168108098944,0.026861304705519,0.026146581476901,0.009255209421700
0.0599435825105783,0.000131228916964076,0.544451485479003,0.129940740814860,0.009801291444630,0.252110645067545,0.027373419451376,0.026805224007812,0.009517193722826
0.0609065155807366,0.000149200673518382,0.539865377747284,0.130968343065894,0.009990917482232,0.254031191889553,0.027887329206620,0.027473058478227,0.009783782118008
0.0618776671408251,0.000169380985477512,0.535295741146897,0.131984947442346,0.010181424115112,0.255929794325785,0.028402948789049,0.028150129634249,0.010055014537705
0.0628571428571429,0.000192010177130977,0.530742551458257,0.132990558360411,0.010372786541750,0.257806496393409,0.028920193410837,0.028836482658142,0.010330931165377
0.063845050215208,0.000217351264097411,0.526205785808303,0.133985179314515,0.010564980205186,0.259661340348809,0.029438978690511,0.029532163173793,0.010611572446798
0.0648414985590778,0.000245691747447591,0.521685422692760,0.134968812852670,0.010757980802636,0.261494366651841,0.029959220658691,0.030237217237486,0.010896979092014
0.0658465991316932,0.000277345517873226,0.517181442003746,0.135941460555841,0.010951764299374,0.263305613938938,0.030480835771400,0.030951691339198,0.011187192083263
0.0668604651162791,0.000312654873625292,0.512693825057841,0.136903123010672,0.011146306941640,0.265095118983945,0.031003740920606,0.031675632394960,0.011482252678804
0.0678832116788321,0.000351992656146373,0.508222554632095,0.137853799787588,0.011341585274356,0.266862916670575,0.031527853453222,0.032409087750956,0.011782202423213
0.0689149560117302,0.000395764507018088,0.503767614993746,0.138793489404749,0.011537576155003,0.268609039937784,0.032053091181624,0.033152105167539,0.012087083147937
0.0699558173784978,0.000444411249799638,0.499328991943546,0.139722189303582,0.011734256775240,0.270333519749357,0.032579372408175,0.033904732824917,0.012396936983587
0.0710059171597633,0.000498411400031466,0.494906672852623,0.140639895809635,0.011931604678821,0.272036385035378,0.033106615941410,0.034667019308421,0.012711806362299
0.0720653789004458,0.000558283806384688,0.490500646708397,0.141546604098374,0.012129597784569,0.273717662644903,0.033634741120872,0.035439013604835,0.013031734026523
0.073134328358209,0.000624590425799611,0.486110904162405,0.142442308155755,0.012328214410001,0.275377377289490,0.034163667841913,0.036220765093329,0.013356763035691
0.0742128935532234,0.00069793923484193,0.481737437581004,0.143327000736567,0.012527433297265,0.277015551483902,0.034693316583649,0.037012323536586,0.013686936773718
0.0753012048192771,0.000778987279397985,0.477380241098319,0.144200673316931,0.012727233639847,0.278632205476490,0.035223608436964,0.037813739065941,0.014022298954317
0.0763993948562784,0.000868443864158076,0.473039310678158,0.145063316051919,0.012927595114805,0.280227357191638,0.035754465141712,0.038625062177716,0.014362893632790
0.0775075987841945,0.000967073882889206,0.468714644172658,0.145914917719159,0.013128497912740,0.281801022145723,0.036285809117964,0.039446343711355,0.014708765209418
0.0786259541984733,0.00107570128997734,0.464406241389577,0.146755465667724,0.013329922773732,0.283353213375699,0.036817563507078,0.040277634839425,0.015059958439883
0.0797546012269939,0.00119521271305194,0.460114104161055,0.147584945757494,0.013531851023011,0.284883941350278,0.037349652210618,0.041118987045812,0.015416518440585
0.0808936825885979,0.00132656120575200,0.455838236420814,0.148403342304015,0.013734264612980,0.286393213894352,0.037881999939567,0.041970452116206,0.015778490701299
0.0820433436532508,0.00147077013902059,0.451578644278343,0.149210638008182,0.013937146163009,0.287881036084878,0.038414532257390,0.042832082108512,0.016145921088548
0.083203732503888,0.00162893722840735,0.447335336103735,0.150006813891562,0.014140479005963,0.289347410160726,0.038947175634216,0.043703929335976,0.016518855856823
0.084375,0.00180223869390675,0.443108322613365,0.150791849224133,0.014344247235629,0.290792335418962,0.039479857500450,0.044586046340796,0.016897341655783
0.0855572998430141,0.00199193354808305,0.438897616961039,0.151565721449336,0.014548435757772,0.292215808108635,0.040012506305456,0.045478485868045,0.017281425539044
0.0867507886435331,0.00219936800670561,0.434703234832897,0.152328406105237,0.014753030344043,0.293617821318990,0.040545051579448,0.046381300836289,0.017671154972443
0.0879556259904913,0.00242598001556601,0.430525194547437,0.153079876742581,0.014958017689218,0.294998364864001,0.041077423999503,0.047294544306418,0.018066577842668
0.089171974522293,0.00267330388531488,0.426363517157588,0.153820104836962,0.015163385470753,0.296357425157582,0.041609555457739,0.048218269444504,0.018467742464117
0.0904,0.00294297502531454,0.422218226561345,0.154549059702481,0.015369122413793,0.297694985094774,0.042141379137659,0.049152529489650,0.018874697589769
0.0916398713826367,0.00323673476566388,0.418089349610352,0.155266708394910,0.015575218356612,0.299011023914154,0.042672829588790,0.050097377708264,0.019287492416329
0.092891760904685,0.00355643525546969,0.413976916228284,0.155973015617319,0.015781664321840,0.300305517068089,0.043203842810130,0.051052867353767,0.019706176593648
0.0941558441558442,0.00390404442348209,0.409880959527442,0.156667943616765,0.015988452588947,0.301578436077888,0.043734356333416,0.052019051615106,0.020130800229770
0.0954323001631322,0.00428165098574882,0.405801515936596,0.157351452086302,0.016195576773694,0.302829748402358,0.044264309317524,0.052995983574644,0.020561413902244
0.0967213114754098,0.00469146948311672,0.401738625321470,0.158023498050688,0.016403031905452,0.304059417276163,0.044793642635984,0.053983716141646,0.020998068658261
0.0980230642504119,0.00513584532960031,0.397692331119682,0.158684035764324,0.016610814514568,0.305267401575952,0.045322298981723,0.054982302006435,0.021440816026905
0.0993377483443709,0.00561725985057914,0.393662680469626,0.159333016593435,0.016818922717291,0.306453655656897,0.045850222964443,0.055991793568565,0.021889708019334
0.100665557404326,0.00613833528800486,0.389649724346323,0.159970388903565,0.017027356307669,0.307618129203125,0.046377361219225,0.057012242874328,0.022344797135199
0.102006688963211,0.00670183974747048,0.385653517698237,0.160596097942331,0.017236116851427,0.308760767070748,0.046903662516666,0.058043701544788,0.022806136365467
0.103361344537815,0.00731069206010205,0.381674119585221,0.161210085721066,0.017445207783524,0.309881509131131,0.047429077877931,0.059086220701071,0.023273779195083
0.104729729729730,0.00796796652973662,0.377711593315986,0.161812290891367,0.017654634507008,0.310980290106339,0.047953560690299,0.060139850878065,0.023747779600875
0.106112054329372,0.00867689753393235,0.373766006591979,0.162402648630785,0.017864404499391,0.312057039424735,0.048477066835496,0.061204641950538,0.024228192056898
0.107508532423208,0.00944088394475444,0.369837431642443,0.162981090514376,0.018074527415689,0.313111681050203,0.048999554809817,0.062280643031037,0.024715071526284
0.108919382504288,0.0102634933331280,0.365925945365394,0.163547544397174,0.018285015198952,0.314144133334730,0.049520985857411,0.063367902381172,0.025208473460827
0.110344827586207,0.0111484659181567,0.362031629461873,0.164101934288861,0.018495882189227,0.315154308856656,0.050041324099402,0.064466467302830,0.025708453790929
0.111785095320624,0.0120997182204520,0.358154570575985,0.164644180242593,0.018707145240507,0.316142114288355,0.050560536677729,0.065576384046205,0.026215068924743
0.113240418118467,0.0131213463761530,0.354294860418214,0.165174198225532,0.018918823830272,0.317107450227440,0.051078593884069,0.066697697677530,0.026728375726992
0.114711033274956,0.0142176290660634,0.350452595900848,0.165691900016027,0.019130940181212,0.318050211081791,0.051595469312579,0.067830451981879,0.027248431515852
0.116197183098592,0.0153930300119945,0.346627879253638,0.166197193083264,0.019343519374611,0.318970284918961,0.052111139996686,0.068974689324538,0.027775294038525
0.117699115044248,0.0166521999903059,0.342820818142570,0.166689980484456,0.019556589470214,0.319867553349658,0.052625586559578,0.070130450528789,0.028309021454808
0.119217081850534,0.0179999783104042,0.339031525778018,0.167170160762533,0.019770181624148,0.320741891410854,0.053138793362386,0.071297774739591,0.028849672312740
0.120751341681574,0.0194413937041245,0.335260121014847,0.167637627851423,0.019984330207270,0.321593167461935,0.053650748655342,0.072476699284360,0.029397305521779
0.122302158273381,0.0209816645699694,0.331506728441000,0.168092270984156,0.020199072920374,0.322421243083247,0.054161444725691,0.073667259518933,0.029951980316982
0.123869801084991,0.0226261985145464,0.327771478462196,0.168533974621756,0.020414450914008,0.323225973013217,0.054670878058180,0.074869488690767,0.030513756230290
0.125454545454545,0.0243805911321371,0.324054507364479,0.168962618374732,0.020630508898285,0.324007205065530,0.055179049480383,0.076083417765897,0.031082693041029
0.127056672760511,0.0262506239620307,0.320355957371171,0.169378076948225,0.020847295256090,0.324764780088505,0.055685964319993,0.077309075273472,0.031658850732824
0.128676470588235,0.0282422615622879,0.316675976681874,0.169780220093822,0.021064862150540,0.325498531931599,0.056191632557000,0.078546487135709,0.032242289439881
0.130314232902033,0.0303616476381453,0.313014719495759,0.170168912575584,0.021283265628883,0.326208287432577,0.056696068976213,0.079795676494481,0.032833069388009
0.131970260223048,0.0326151001627198,0.309372346017394,0.170544014149921,0.021502565721176,0.326893866424355,0.057199293317738,0.081056663531691,0.033431250828142
0.133644859813084,0.035009105427863,0.305749022444291,0.170905379563240,0.021722826534368,0.327555081767195,0.057701330427926,0.082329465288665,0.034036893964730
0.135338345864662,0.0375503109636461,0.302144920932808,0.171252858563984,0.021944116338575,0.328191739399463,0.058202210405546,0.083614095476240,0.034650058873914
0.137051039697543,0.0402455172656931,0.298560219543376,0.171586295935243,0.022166507647076,0.328803638417064,0.058701968747472,0.084910564284677,0.035270805415670
0.138783269961977,0.0431016682713082,0.294995102162259,0.171905531546660,0.022390077287719,0.329390571177980,0.059200646490664,0.086218878188710,0.035899193136730
0.140535372848948,0.0461258405271411,0.291449758398895,0.172210400427843,0.022614906465493,0.329952323435292,0.059698290351221,0.087539039750443,0.036535281165090
0.142307692307692,0.0493252309939883,0.287924383456339,0.172500732861954,0.022841080813733,0.330488674494268,0.060194952856978,0.088871047414719,0.037179128092590
0.144100580270793,0.0527071434373481,0.284419177977932,0.172776354510053,0.023068690437711,0.330999397412969,0.060690692482421,0.090214895315377,0.037830791854178
0.145914396887160,0.0562789733564434,0.280934347860810,0.173037086551240,0.023297829941746,0.331484259215938,0.061185573769902,0.091570573062809,0.038490329588190
0.147749510763209,0.0600481914089189,0.277470104044260,0.173282745857255,0.023528598447124,0.331943021155586,0.061679667453019,0.092938065545097,0.039157797493151
0.149606299212598,0.0640223252939175,0.274026662263696,0.173513145187991,0.023761099593000,0.332375438993685,0.062173050568174,0.094317352717043,0.039833250667426
0.151485148514852,0.0682089400621742,0.270604242778677,0.173728093425640,0.023995441527073,0.332781263336043,0.062665806569255,0.095708409407948,0.040516742946409
0.153386454183267,0.0726156168289154,0.267203070062100,0.173927395826625,0.024231736874671,0.333160239978063,0.063158025424412,0.097111205108426,0.041208326716663
0.155310621242485,0.0772499298729228,0.263823372461119,0.174110854313440,0.024470102695450,0.333512110303065,0.063649803714620,0.098525703776708,0.041908052726478
0.157258064516129,0.0821194221138047,0.260465381822652,0.174278267794576,0.024710660420771,0.333836611708894,0.064141244721688,0.099951863641653,0.042615969880737
0.159229208924949,0.0872315789689058,0.257129333085072,0.174429432517454,0.024953535772831,0.334133478071207,0.064632458509265,0.101389637011365,0.043332125023864
0.161224489795918,0.09259380060155,0.253815463835954,0.174564142454674,0.025198858664515,0.334402440242195,0.065123561996050,0.102838970087477,0.044056562710211
0.163244353182751,0.0982133725834736,0.250524013835770,0.174682189724358,0.025446763079503,0.334643226586013,0.065614679021525,0.104299802787534,0.044789324962494
0.165289256198347,0.104097435006188,0.247255224504901,0.174783365039697,0.025697386929243,0.334855563539182,0.066105940398569,0.105772068566369,0.045530451013123
0.167359667359667,0.110252950088775,0.244009338383181,0.174867458204288,0.025950871894152,0.335039176228180,0.066597483968551,0.107255694268719,0.046279977044219
0.169456066945607,0.116686668343107,0.240786598547408,0.174934258625254,0.026207363235030,0.335193789088485,0.067089454631948,0.108750599962594,0.047037935900336
0.171578947368421,0.123405093371684,0.237587248003784,0.174983555873362,0.026467009588069,0.335319126540974,0.067582004381728,0.110256698808345,0.047804356801365
0.173728813559322,0.130414445388109,0.234411529042600,0.175015140265508,0.026729962731921,0.335414913677721,0.068075292317008,0.111773896921917,0.048579265034363
0.17590618336887,0.137720623565643,0.231259682570423,0.175028803493826,0.026996377337936,0.335480877003954,0.068569484659450,0.113302093278352,0.049362681647374
0.178111587982833,0.145329167335147,0.228131947403944,0.175024339268797,0.027266410688479,0.335516745172052,0.069064754742387,0.114841179599045,0.050154623116798
0.180345572354212,0.153245216769999,0.225028559543659,0.175001544005664,0.027540222377590,0.335522249765553,0.069561283000842,0.116391040280577,0.050955101017451
0.182608695652174,0.161473472211982,0.221949751419558,0.174960217534610,0.027817973985310,0.335497126094967,0.070059256944759,0.117951552332951,0.051764121679394
0.184901531728665,0.170018153308799,0.218895751113489,0.174900163838292,0.028099828728494,0.335441114013230,0.070558871120239,0.119522585339526,0.052581685838129
0.187224669603524,0.178882957650377,0.215866781561879,0.174821191815471,0.028385951088146,0.335353958749296,0.071060327057823,0.121104001439754,0.053407788279095
0.189578713968958,0.188071019207424,0.212863059739698,0.174723116067572,0.028676506413702,0.335235411755078,0.071563833207324,0.122695655336712,0.054242417478384
0.191964285714286,0.197584866791619,0.209884795827267,0.174605757700943,0.028971660501892,0.335085231552940,0.072069604852626,0.124297394320151,0.055085555235636
0.19438202247191,0.207426382772129,0.206932192371398,0.174468945159979,0.029271579159760,0.334903184615756,0.072577864023603,0.125909058342113,0.055937176319003
0.196832579185520,0.217596762297645,0.204005443428305,0.174312515056906,0.029576427737233,0.334689046214730,0.073088839373430,0.127530480086828,0.056797248093915
0.199316628701594,0.228096473286604,0.201104733709180,0.174136313027932,0.029886370645906,0.334442601295639,0.073602766051900,0.129161485098743,0.057665730169322
0.201834862385321,0.238925217460469,0.198230237717345,0.173940194585639,0.030201570852439,0.334163645327948,0.074119885548077,0.130801891921091,0.058542574038931
0.204387990762125,0.250081892705691,0.195382118895755,0.173724025990889,0.030522189360348,0.333851985175752,0.074640445526587,0.132451512296679,0.059427722745383
0.206976744186047,0.26156455705903,0.192560528770758,0.173487685106569,0.030848384665034,0.333507439920121,0.075164699622958,0.134110151368353,0.060321110537721
0.2096018735363,0.273370394617871,0.189765606112697,0.173231062260906,0.031180312199105,0.333129841691888,0.075692907228013,0.135777607942571,0.061222662556376
0.212264150943396,0.285495683682233,0.186997476108075,0.172954061097528,0.031518123760040,0.332719036474496,0.076225333240520,0.137453674780779,0.062132294530161
0.214964370546318,0.297935767437492,0.184256249550270,0.172656599413523,0.031861966924723,0.332274884884069,0.076762247792311,0.139138138932109,0.063049912494607
0.217703349282297,0.310685027486847,0.181542022052894,0.172338609980342,0.032211984452121,0.331797262921998,0.077303925942823,0.140830782107197,0.063975412534296
0.220481927710843,0.323736860539593,0.178854873289845,0.172000041342696,0.032568313675756,0.331286062695972,0.077850647340887,0.142531381094300,0.064908680552489
0.223300970873786,0.337083658555411,0.176194866266156,0.171640858590558,0.032931085887730,0.330741193105247,0.078402695851220,0.144239708219190,0.065849592071704
0.226161369193154,0.350716792635915,0.173562046624690,0.171261044099907,0.033300425716325,0.330162580488684,0.078960359143655,0.145955531849298,0.066798012069135
0.229064039408867,0.364626600942471,0.170956441991212,0.170860598236600,0.033676450498895,0.329550169228970,0.079523928241915,0.147678616944169,0.067753794850005
0.232009925558313,0.378802380903876,0.168378061363628,0.170439540019843,0.034059269652513,0.328903922313967,0.080093697030666,0.149408725653007,0.068716783963700
0.235,0.393232385958574,0.165826894545880,0.169997907735297,0.034448984042096,0.328223821841094,0.080669961713591,0.151145617952565,0.069686812161567
0.238035264483627,0.407903827054057,0.163302911638706,0.169535759508080,0.034845685354921,0.327509869492465,0.081253020233438,0.152889052350745,0.070663701413560
0.241116751269035,0.422802879100572,0.160806062576759,0.169053173806480,0.035249455472238,0.326762086927886,0.081843171629445,0.154638786614379,0.071647262964689
0.244245524296675,0.437914692547752,0.158336276729173,0.168550249896219,0.035660365851424,0.325980516143377,0.082440715351799,0.156394578562979,0.072637297457014
0.247422680412371,0.453223410221138,0.155893462558649,0.168027108226893,0.036078476914027,0.325165219763769,0.083045950517970,0.158156186903805,0.073633595106924
0.250649350649351,0.468712189521154,0.153477507344454,0.167483890751426,0.036503837444082,0.324316281277466,0.083659175113429,0.159923372115795,0.074635935945248
0.253926701570681,0.484363230050137,0.151088276971509,0.166920761174038,0.036936483998392,0.323433805210672,0.084280685134063,0.161695897381226,0.075644090121949
0.257255936675462,0.50015780669373,0.148725615787870,0.166337905123965,0.037376440331124,0.322517917240229,0.084910773669851,0.163473529564573,0.076657818278504
0.260638297872340,0.516076308141886,0.146389346530823,0.165735530248356,0.037823716832903,0.321568764237575,0.085549729924824,0.165256040231207,0.077676871986073
0.264075067024129,0.532098280792027,0.144079270329332,0.165113866233103,0.038278309991960,0.320586514265950,0.086197838184061,0.167043206725106,0.078700994262463
0.267567567567568,0.54820247793326,0.141795166773335,0.164473164730015,0.038740201869845,0.319571356490851,0.086855376708740,0.168834813269055,0.079729920149985
0.271117166212534,0.564366914066233,0.139536794062678,0.163813699209416,0.039209359603521,0.318523501046261,0.087522616579527,0.170630652122166,0.080763377374859
0.274725274725275,0.580568924168849,0.137303889225578,0.163135764718216,0.039685734926951,0.317443178818180,0.088199820472052,0.172430524760043,0.081801087070928
0.278393351800554,0.59678522767419,0.135096168419945,0.162439677565307,0.040169263724532,0.316330641192419,0.088887241387163,0.174234243114539,0.082842764588204
0.282122905027933,0.612991996883981,0.132913327300263,0.161725774903157,0.040659865603508,0.315186159703729,0.089585121309504,0.176041630815318,0.083888120356405
0.285915492957746,0.629164929499605,0.130755041467028,0.160994414236350,0.041157443501600,0.314010025649107,0.090293689826638,0.177852524484710,0.084936860830629
0.289772727272727,0.645279324913271,0.128620966985647,0.160245972835355,0.041661883320909,0.312802549620801,0.091013162691616,0.179666775041782,0.085988689495970
0.293696275071633,0.661310163865224,0.126510740984316,0.159480847075334,0.042173053598495,0.311564060995758,0.091743740351760,0.181484249045523,0.087043307945370
0.297687861271676,0.677232191039202,0.124423982317263,0.158699451677314,0.042690805203690,0.310294907335498,0.092485606426388,0.183304830027589,0.088100417004268
0.301749271137026,0.693020000138219,0.122360292308541,0.157902218885504,0.043214971078905,0.308995453757786,0.093238926170947,0.185128419868478,0.089159717927698
0.305882352941176,0.708648120956674,0.120319255556233,0.157089597546432,0.043745366007914,0.307666082208374,0.094003844900221,0.186954940143382,0.090220913629481
0.310089020771513,0.724091107942899,0.118300440816362,0.156262052132627,0.044281786432387,0.306307190711916,0.094780486418013,0.188784333504950,0.091283709975857
0.31437125748503,0.73932362972925,0.116303401944659,0.155420061675059,0.044824010299551,0.304919192523091,0.095568951426009,0.190616565025119,0.092347817099104
0.318731117824774,0.754320559094543,0.114327678911022,0.154564118638789,0.045371796957729,0.303502515239912,0.096369315953046,0.192451623544787,0.093412950753617
0.323170731707317,0.769057062816567,0.112372798873965,0.153694727724486,0.045924887091350,0.302057599834755,0.097181629796815,0.194289522985245,0.094478833685546
0.327692307692308,0.783508690870496,0.110438277325084,0.152812404621320,0.046483002707866,0.300584899645769,0.098005915012522,0.196130303652140,0.095545197027659
0.332298136645963,0.797651464432312,0.108523619286836,0.151917674686541,0.047045847164831,0.299084879266910,0.098842164435762,0.197974033469607,0.096611781681736
0.336990595611285,0.811461962154943,0.106628320578517,0.151011071586545,0.047613105254059,0.297558013396343,0.099690340284732,0.199820809190561,0.097678339706962
