# Three-point probabilities for the X chr in 4-way RILs by sibling mating
# Note that these are for the minimal set of states.
# These are for the case of no crossover interference.
#
#
rf,coi,AAA,AAB,ABA,AAC,ACC,ACA,CAC,ABC,ACB,CCC
2.16132099939483e-05,1,0.666551413235018,0.000057623519362,0.000000002366111,0.000057622855252,0.000057623187307,0.000000003030221,0.000000002698166,0.000000001992769,0.000000000498302,0.333275706617506
4.32301573577728e-05,1,0.666436173914955,0.000115233590867,0.000000009463338,0.000115230934981,0.000115232262924,0.000000012119224,0.000000010791281,0.000000007971161,0.000000001993666,0.333218086957474
8.6475268073331e-05,1,0.666205737595729,0.000230413403045,0.000000037844515,0.000230402783939,0.000230408093492,0.000000048463621,0.000000043154068,0.000000031885333,0.000000007978337,0.333102868797861
0.000173010380622837,1,0.665745034139143,0.000460611793135,0.000000151307405,0.000460569352201,0.000460590572668,0.000000193748340,0.000000172527872,0.000000127546871,0.000000031942735,0.332872517069569
0.000346260387811634,1,0.664824303149567,0.000920364347474,0.000000604665072,0.000920194867374,0.000920279607424,0.000000774145171,0.000000689405122,0.000000510232016,0.000000128005934,0.332412151574781
0.00066577896138482,1,0.663131921957441,0.001764361239980,0.000002225954415,0.001763738182743,0.001764049711360,0.000002849011654,0.000002537483034,0.000001881848792,0.000000473631468,0.331565960978716
0.000693481276005548,1,0.662985538453734,0.001837298221490,0.000002414155014,0.001836622565752,0.001836960393620,0.000003089810750,0.000002751982882,0.000002041287751,0.000000513902073,0.331492769226863
0.00133511348464619,1,0.659610398903775,0.003516115891971,0.000008872058120,0.003513639642366,0.003514877767167,0.000011348307721,0.000010110182920,0.000007529987189,0.000001907806392,0.329805199451883
0.00139082058414465,1,0.659318747270477,0.003660926045807,0.000009620754655,0.003658241469401,0.003659583757603,0.000012305331058,0.000010963042857,0.000008168083418,0.000002070609407,0.329659373635235
0.00200803212851406,1,0.656101995253809,0.005255354312784,0.000019891119004,0.005249818525912,0.005252586419345,0.000025426905871,0.000022659012437,0.000016948442388,0.000004322381043,0.328050997626899
0.00209205020920502,1,0.655666177705493,0.005470985454494,0.000021566526801,0.005464985552125,0.005467985503308,0.000027566429166,0.000024566477984,0.000018384949707,0.000004692548080,0.327833088852744
0.00268456375838926,1,0.652606610235660,0.006982165496674,0.000035236533883,0.006972387382883,0.006977276439776,0.000045014647670,0.000040125590776,0.000030141426504,0.000007737127912,0.326303305117825
0.00279720279720280,1,0.652027716086709,0.007267576827828,0.000038198891285,0.007256981777773,0.007262279302798,0.000048793941334,0.000043496416309,0.000032696666673,0.000008402045799,0.326013858043352
0.00336473755047106,1,0.649124144535069,0.008696637095480,0.000054862279075,0.008681457189575,0.008689047142524,0.000070042184971,0.000062452232022,0.000047113335114,0.000012171738132,0.324562072267530
0.00350631136044881,1,0.648403250454137,0.009050798969528,0.000059465948405,0.009034355262699,0.009042577116111,0.000075909655227,0.000067687801816,0.000051108229999,0.000013221334882,0.324201625227065
0.00404858299595142,1,0.645654500274133,0.010398855438432,0.000078722901152,0.010377137373012,0.010387996405718,0.000100440966563,0.000089581933857,0.000067868745801,0.000017645823840,0.322827250137062
0.00421940928270042,1,0.644792670532985,0.010820749130952,0.000085316467673,0.010797229304993,0.010808989217969,0.000108836293625,0.000097076380649,0.000073624849304,0.000019172555187,0.322396335266489
0.0047361299052774,1,0.642197580989042,0.012088905551552,0.000106773507945,0.012059535834371,0.012074220692957,0.000136143225116,0.000121458366530,0.000092412416877,0.000024178920558,0.321098790494517
0.00493653032440056,1,0.641195867707793,0.012577523034796,0.000115699876784,0.012545725413103,0.012561624223946,0.000147497498470,0.000131598687627,0.000100251946504,0.000026277756987,0.320597933853894
0.00542740841248304,1,0.638753291609932,0.013766871176699,0.000138969759677,0.013728758971996,0.013747815074343,0.000177081964369,0.000158025862022,0.000120749286050,0.000031790489504,0.319376645804961
0.00565770862800566,1,0.637612734996380,0.014321214898298,0.000150566250815,0.014279963333877,0.014300589116084,0.000191817815227,0.000171192033020,0.000130995154207,0.000034558903794,0.318806367498187
0.00612244897959184,1,0.635321538439350,0.015432834790192,0.000175267860278,0.015384911703907,0.015408873247045,0.000223190946551,0.000199229403413,0.000152884469138,0.000040499919861,0.317660769219670
0.00638297872340425,1,0.634043167025125,0.016051917455972,0.000189866301633,0.016000061080039,0.016025989268002,0.000241722677556,0.000215794489594,0.000165860314161,0.000044037875137,0.317021583512559
0.0068212824010914,1,0.631902229133121,0.017086877621124,0.000215624548862,0.017028097489922,0.017057487555518,0.000274404680052,0.000245014614456,0.000188823258828,0.000050326531020,0.315951114566555
0.00711237553342817,1,0.630487060004365,0.017769721981880,0.000233551367526,0.017706134957099,0.017737928469485,0.000297138392297,0.000265344879911,0.000204853475733,0.000054736469287,0.315243530002179
0.00752393980848153,1,0.628495272679640,0.018729079669254,0.000259997091382,0.018658418353303,0.018693749011273,0.000330658407320,0.000295327749349,0.000228571123447,0.000061289574768,0.314247636339815
0.00784593437945792,1,0.626944311704071,0.019474718311430,0.000281573403035,0.019398299589713,0.019436508950567,0.000357992124741,0.000319782763887,0.000247980894432,0.000066676405935,0.313472155852032
0.00823045267489712,1,0.625100579380770,0.020359519722592,0.000308343272434,0.020275974902005,0.020317747312293,0.000391888093008,0.000350115682720,0.000272133705790,0.000073408237462,0.312550289690380
0.00858369098712446,1,0.623414821430180,0.021166994862739,0.000333884968993,0.021076667947514,0.021121831405122,0.000424211884208,0.000379048426600,0.000295249030469,0.000079879328822,0.311707410715086
0.00894085281980743,1,0.621718060833210,0.021978275374631,0.000360621387225,0.021880866349514,0.021929570862066,0.000458030412328,0.000409325899776,0.000319516821955,0.000086701642147,0.310859030416600
0.00932568149210904,1,0.619898490002045,0.022846638657577,0.000390439222763,0.022741351370434,0.022793995014001,0.000495726509896,0.000443082866329,0.000346664547357,0.000094366808327,0.309949245001017
0.0096551724137931,1,0.618347629909271,0.023585423041218,0.000416790233692,0.023473190535260,0.023529306788234,0.000529022739635,0.000472906486662,0.000370726460221,0.000101188850650,0.309173814954631
0.0100719424460432,1,0.616395219729109,0.024513735341846,0.000451189908668,0.024392459593482,0.024453097467659,0.000572465657021,0.000511827782844,0.000402234310543,0.000110160344006,0.308197609864550
0.0103734439834025,1,0.614989200738818,0.025181037977124,0.000476809104771,0.025053043944656,0.025117040960884,0.000604803137224,0.000540806120996,0.000425768779942,0.000116888865628,0.307494600369404
0.0108225108225108,1,0.612904914389165,0.026168369205677,0.000516091348616,0.026030100771057,0.026099234988362,0.000654359783225,0.000585225565919,0.000461965386084,0.000127281367084,0.306452457194578
0.0110957004160888,1,0.611642688691416,0.026765194292276,0.000540637780819,0.026620521728736,0.026692858010500,0.000685310344343,0.000612974062579,0.000484650110483,0.000133820632595,0.305821344345704
0.0115774240231548,1,0.609427479206289,0.027810623203099,0.000585098432906,0.027654381500742,0.027732502351916,0.000741340135252,0.000663219284078,0.000525865039345,0.000145751242911,0.304713739603141
0.0118219749652295,1,0.608308010358545,0.028337964967668,0.000608236522172,0.028175717723416,0.028256841345536,0.000770483766409,0.000689360144289,0.000547376950166,0.000152003041902,0.304154005179268
0.0123367198838897,1,0.605962820829959,0.029440578971330,0.000658166611225,0.029265406846655,0.029352992908987,0.000833338735888,0.000745752673556,0.000593940733744,0.000165591273373,0.302981410414976
0.0125523012552301,1,0.604985083536638,0.029899421870988,0.000679566061858,0.029718724468396,0.029809073169686,0.000860263464433,0.000769914763144,0.000613955965262,0.000171454930696,0.302492541768315
0.0131004366812227,1,0.602510847313744,0.031058316849644,0.000735251883813,0.030863280362288,0.030960798605961,0.000930288371156,0.000832770127483,0.000666200129524,0.000186822699252,0.301255423656869
0.0132867132867133,1,0.601673827209819,0.031449635771903,0.000754587598432,0.031249633225677,0.031349634498784,0.000954590144641,0.000854588871534,0.000684393988991,0.000192195084835,0.300836913604905
0.0138686131386861,1,0.599071468094985,0.032663915897886,0.000816310792810,0.032448104112922,0.032556010005399,0.001032122577761,0.000924216685284,0.000742651082551,0.000209466702561,0.299535734047489
0.0140252454417952,1,0.598374161533396,0.032988676357067,0.000833262788959,0.032768533997724,0.032878605177389,0.001053405148287,0.000943333968621,0.000758698020556,0.000214242240779,0.299187080766693
0.0146412884333821,1,0.595644593975011,0.034257453914616,0.000901300413774,0.034019978697593,0.034138716306099,0.001138775630784,0.001020038022278,0.000823301643159,0.000233544408820,0.297822296987502
0.0147679324894515,1,0.595086007817881,0.034516612244864,0.000915553742131,0.034275515545312,0.034396063895081,0.001156650441667,0.001036102091897,0.000836875224198,0.000237615087444,0.297543003908936
0.0154185022026432,1,0.592230137099166,0.035839007454859,0.000990178347364,0.035579003270592,0.035709005362720,0.001250182531617,0.001120180439489,0.000908160055008,0.000259076889312,0.296115068549581
0.0155148095909732,1,0.591809288512809,0.036033510999819,0.001001423011508,0.035770665404997,0.035902088202402,0.001264268606312,0.001132845808908,0.000918932928280,0.000262332268033,0.295904644256400
0.01620029455081,1,0.588828010937539,0.037408651847508,0.001082902711185,0.037125275562552,0.037266963705025,0.001366278996128,0.001224590853655,0.000997234753981,0.000286085163281,0.294414005468767
0.0162659123055163,1,0.588543927190919,0.037539439146747,0.001090833588886,0.037254069906244,0.037396754526489,0.001376202829372,0.001233518209127,0.001004878624382,0.000288412381824,0.294271963595455
0.0169867060561300,1,0.585438130266519,0.038966461212416,0.001179432131800,0.038658891901140,0.038812676556773,0.001487001443063,0.001333216787431,0.001090534367110,0.000314590200105,0.292719065133256
0.0170212765957447,1,0.585289848533183,0.039034462184654,0.001183748897800,0.038725814188268,0.038880138186454,0.001492396894169,0.001338072895982,0.001094719966435,0.000315873985937,0.292644924266587
0.0177777777777778,1,0.582060411149856,0.040512508477080,0.001279725736896,0.040179947231286,0.040346227854178,0.001612286982676,0.001446006359784,0.001188067711525,0.000344612921425,0.291030205574926
0.0177809388335704,1,0.582046978313416,0.040518644600333,0.001280132787140,0.040185982216512,0.040352313408416,0.001612795170944,0.001446463979040,0.001188464769861,0.000344735597073,0.291023489156705
0.0185449358059914,1,0.578815243383756,0.041992049881726,0.001379949524895,0.041634656798840,0.041813353340276,0.001737342607764,0.001558646066328,0.001286121010744,0.000375015693216,0.289407621691872
0.0185735512630015,1,0.578694770920713,0.042046865393033,0.001383743147598,0.041688535135046,0.041867700264034,0.001742073405571,0.001562908276583,0.001289843793434,0.000376174203235,0.289347385460354
0.0193133047210300,1,0.575594571660044,0.043454740531013,0.001483163792009,0.043071919601401,0.043263330066199,0.001865984721604,0.001674574256804,0.001387696825018,0.000406732715309,0.287797285830017
0.0193740685543964,1,0.575341128164044,0.043569602551908,0.001491444470950,0.043184747851069,0.043377175201483,0.001876299171776,0.001683871821361,0.001395871807128,0.000409294877942,0.287670564082019
0.0200860832137733,1,0.572384892107656,0.044906778077453,0.001589740676356,0.044497851164198,0.044702314620818,0.001998667589594,0.001794204132973,0.001493200507670,0.000439905068903,0.286192446053823
0.0201793721973094,1,0.571999402698816,0.045080789401145,0.001602790292525,0.044668676293641,0.044874732847388,0.002014903400014,0.001808846846268,0.001506161134007,0.000443995736384,0.285999701349405
0.020863309352518,1,0.569186134727527,0.046348223089979,0.001699645666832,0.045912530916357,0.046130377003161,0.002135337840436,0.001917491753632,0.001602640511978,0.000474551125782,0.284593067363759
0.0209895052473763,1,0.568669515561518,0.046580494259448,0.001717741669192,0.046140410071424,0.046360452165430,0.002157825857201,0.001937783763195,0.001620721341641,0.000480297529811,0.284334757780756
0.0216450216450216,1,0.565998230542571,0.047779135189558,0.001812844647551,0.047316037191115,0.047547586190329,0.002275942645977,0.002044393646762,0.001716025448747,0.000510689225551,0.282999115271282
0.0218045112781955,1,0.565351388988890,0.048068784331853,0.001836260122023,0.047600037505730,0.047834410918786,0.002305006948132,0.002070633535076,0.001739562182843,0.000518220971837,0.282675694494443
0.0224312590448625,1,0.562821111584199,0.049199573061304,0.001929303892155,0.048708447240507,0.048954010150899,0.002420429712935,0.002174866802543,0.001833364085579,0.000548337677200,0.281410555792095
0.0226244343891403,1,0.562044946401858,0.049545725724562,0.001958307629338,0.049047645648509,0.049296685686530,0.002456387705377,0.002207347667356,0.001862693594772,0.000557786740354,0.281022473200926
0.02322206095791,1,0.559654710879305,0.050609594466374,0.002048990058232,0.050089837249793,0.050349715858076,0.002568747274795,0.002308868666511,0.001954665346152,0.000587514760649,0.279827355439647
0.0234493192133132,1,0.558750112389423,0.051011383459453,0.002083846619886,0.050483320299945,0.050747351879694,0.002611909779379,0.002347878199631,0.001990125698056,0.000599015479405,0.279375056194708
0.0240174672489083,1,0.556498962436989,0.052009256253587,0.002171870181835,0.051460282351568,0.051734769302570,0.002720844083837,0.002446357132834,0.002079938309515,0.000628238728253,0.278249481218490
0.0242792109256449,1,0.555466812692867,0.052465821488295,0.002212839966159,0.051907146025708,0.052186483756996,0.002771515428732,0.002492177697444,0.002121868795940,0.000641927801037,0.277733406346430
0.0248175182481752,1,0.553353801236514,0.053398614370920,0.002297911672115,0.052819856639682,0.053109235505294,0.002876669403335,0.002587290537723,0.002209192209413,0.000670527806287,0.276676900618252
0.0251141552511416,1,0.552194974190322,0.053909102706691,0.002345250977843,0.053319206173858,0.053614154440269,0.002935147510662,0.002640199244251,0.002257933373447,0.000686544287106,0.276097487095159
0.0256222547584187,1,0.550219163214264,0.054777723876663,0.002427082306038,0.054168633182795,0.054473178529721,0.003036172999888,0.002731627652960,0.002342436433607,0.000714400196412,0.275109581607127
0.0259541984732824,1,0.548934524881768,0.055341288967750,0.002481043395392,0.054719582891439,0.055030435929589,0.003102749471688,0.002791896433538,0.002398330096566,0.000732885491058,0.274467262440881
0.026431718061674,1,0.547094985252087,0.056146638950469,0.002559350223218,0.055506684037772,0.055826661494113,0.003199305135898,0.002879327679555,0.002479680523227,0.000759874077099,0.273547492626039
0.0267993874425727,1,0.545685393873979,0.056762441095454,0.002620181383728,0.056108357140702,0.056435399118073,0.003274265338466,0.002947223361096,0.002543069811455,0.000780971939671,0.272842696936986
0.0272459499263623,1,0.543981205164978,0.057505412904111,0.002694683920839,0.056834080262736,0.057169746583416,0.003366016562196,0.003030350241515,0.002620934172128,0.000806967605042,0.271990602582485
0.0276497695852535,1,0.542447511366341,0.058172618897823,0.002762629526074,0.057485608715063,0.057829113806437,0.003449639708819,0.003106134617445,0.002692163543668,0.000830824134772,0.271223755683167
0.0280649926144756,1,0.540877761689621,0.058854098192085,0.002833052248677,0.058150891929944,0.058502495061007,0.003536258510800,0.003184655379737,0.002766207226267,0.000855698916537,0.270438880844805
0.0285053929121726,1,0.539220808636339,0.059571881179738,0.002908352817893,0.058851416254681,0.059211648717204,0.003628817742936,0.003268585280413,0.002845622497389,0.000882462554910,0.269610404318167
0.0288888888888889,1,0.537784594472647,0.060192746421975,0.002974424404212,0.059457188138353,0.059824967280157,0.003709982687817,0.003342203546013,0.002915509683088,0.000906086128836,0.268892297236319
0.0293663060278207,1,0.536005218025569,0.060960285755556,0.003057316660964,0.060205857261758,0.060583071508652,0.003811745154747,0.003434530907853,0.003003458054696,0.000935907657008,0.268002609012781
0.0297176820208024,1,0.534701644059697,0.061521408364671,0.003118769927840,0.060753037026021,0.061137222695339,0.003887141266472,0.003502955597154,0.003068851690927,0.000958147341485,0.267350822029844
0.0302325581395349,1,0.532800672926434,0.062337889461502,0.003209486857560,0.061549008115573,0.061943448788532,0.003998368203475,0.003603927530516,0.003165681774832,0.000991179877977,0.266400336463215
0.0305514157973174,1,0.531628851883995,0.062840133964310,0.003266058698167,0.062038505782180,0.062439319873238,0.004067686880279,0.003666872789220,0.003226243548420,0.001011900637622,0.265814425941993
0.031104199066874,1,0.529607107768248,0.063704748167723,0.003364829604754,0.062880944087116,0.063292846127414,0.004188633685347,0.003776731645049,0.003332305393490,0.001048299636297,0.264803553884121
0.031390134529148,1,0.528566160255840,0.064148972348124,0.003416260927397,0.063313660659172,0.063731316503641,0.004251572616332,0.003833916771862,0.003387695703934,0.001067364085262,0.264283080127915
0.0319812792511700,1,0.526424458004548,0.065060916790214,0.003523311488830,0.064201739353553,0.064631328071878,0.004382488925476,0.003952900207151,0.003503340822125,0.001107287333575,0.263212229002271
0.0322338830584708,1,0.525513512351645,0.065447971836007,0.003569347156815,0.064578566984068,0.065013269410031,0.004438752008737,0.004004049582774,0.003553218754999,0.001124555738554,0.262756756175818
0.0328638497652582,1,0.523252660099815,0.066406449302401,0.003684899479803,0.065511467012288,0.065958958157339,0.004579881769901,0.004132390624850,0.003678800147265,0.001168163356055,0.261626330049905
0.0330827067669173,1,0.522470852203877,0.066737179949989,0.003725288252344,0.065833289170156,0.066285234560066,0.004629179032159,0.004177233642249,0.003722823447755,0.001183493639012,0.261235426101934
0.0337519623233909,1,0.520091651517165,0.067741398746580,0.003849560926060,0.066810199094833,0.067275798920701,0.004780760577793,0.004315160751924,0.003858695629842,0.001230948076118,0.260045825758580
0.0339366515837104,1,0.519438124690335,0.068016643423421,0.003884055400190,0.067077890728096,0.067547267075751,0.004822808095497,0.004353431747842,0.003896520676408,0.001244195816719,0.259719062345163
0.0346456692913386,1,0.516941370705929,0.069065817245087,0.004017263549098,0.068098006580361,0.068581911912719,0.004985074213810,0.004501168881453,0.004043039704537,0.001295661853731,0.258470685352962
0.0347957639939486,1,0.516415275524803,0.069286408210137,0.004045620102584,0.068312434277011,0.068799421243567,0.005019594035692,0.004532607069136,0.004074321482702,0.001306680291515,0.258207637762397
0.0355450236966825,1,0.513801757089291,0.070379756011222,0.004187975438370,0.069374959408961,0.069877357710086,0.005192772040616,0.004690373739491,0.004231844979133,0.001362325037878,0.256900878544643
0.035660091047041,1,0.513402251246352,0.070546519493238,0.004209954173583,0.069536981555171,0.070041750524197,0.005219492111633,0.004714723142606,0.004256237055384,0.001370965074150,0.256701125623171
0.0364500792393027,1,0.510672751052695,0.071683265360011,0.004361665046233,0.070641126494685,0.071162195927343,0.005403803911546,0.004882734478888,0.004425124233880,0.001430957967952,0.255336375526344
0.0365296803652968,1,0.510398999210502,0.071797021693926,0.004377029734977,0.070751593430678,0.071274307562295,0.005422457998208,0.004899743866591,0.004442278729699,0.001437068167422,0.255199499605247
0.0373608903020668,1,0.507554293932276,0.072976394718746,0.004538301183008,0.071896575738318,0.072436485228527,0.005618120163422,0.005078210673213,0.004622890420873,0.001501580975123,0.253777146966135
0.0374045801526718,1,0.507405467579113,0.073037958479979,0.004546819212256,0.071956329911763,0.072497144195864,0.005628447780455,0.005087633496353,0.004632457986870,0.001505007567282,0.253702733789552
0.0382775119617225,1,0.504446328003013,0.074259192637229,0.004717853012124,0.073141374039817,0.073700283338518,0.005835671609522,0.005276762310821,0.004825156663431,0.001574214383664,0.252223164001503
0.0382848392036753,1,0.504421605311551,0.074269372774205,0.004719295330665,0.073151250157017,0.073710311465604,0.005837417947837,0.005278356639249,0.004826786453607,0.001574801263922,0.252210802655771
0.0391705069124424,1,0.501447362155409,0.075491306762655,0.004894431111338,0.074336412485351,0.074913859623996,0.006049325388625,0.005471878249979,0.005025275901605,0.001646467242834,0.250723681077700
0.0392,1,0.501348796467993,0.075531706797937,0.004900290045377,0.074375587310612,0.074953647054269,0.006056409532687,0.005478349789030,0.005031936255491,0.001648878512260,0.250674398233993
0.0400616332819723,1,0.498482688637412,0.076703801902671,0.005072199867499,0.075511874385753,0.076107838144205,0.006264127384401,0.005668163625947,0.005227938247053,0.001720023485846,0.249241344318701
0.0401284109149278,1,0.498261643447249,0.076793984025892,0.005085582138274,0.075599280485569,0.076196632255725,0.006280285678582,0.005682933908426,0.005243242661013,0.001725593675272,0.249130821723621
0.0409582689335394,1,0.495527536054935,0.077906898930854,0.005252575200748,0.076677692526918,0.077292295728879,0.006481781604668,0.005867178402706,0.005434785550157,0.001795487972135,0.247763768027463
0.0410628019323672,1,0.495184813967121,0.078046070298381,0.005273699485480,0.076812517534758,0.077429293916564,0.006507252249089,0.005890475867283,0.005459089513382,0.001804380183981,0.247592406983558
0.0418604651162791,1,0.492581856467330,0.079100637870807,0.005435530997417,0.077833922766636,0.078467280318714,0.006702246101571,0.006068888549492,0.005645830014656,0.001872878679208,0.246290928233660
0.0420032310177706,1,0.492118253949747,0.079288010754462,0.005464612616358,0.078015361474957,0.078651686114704,0.006737261895849,0.006100937256102,0.005679490614823,0.001885258347790,0.246059126974870
0.0427682737169518,1,0.489645602687394,0.080285058040746,0.005621041424995,0.078980620160997,0.079632839100864,0.006925479304728,0.006273260364859,0.005861083987348,0.001952213583871,0.244822801343693
0.0429497568881686,1,0.489061910202571,0.080519849704252,0.005658292390599,0.079207874380904,0.079863862042573,0.006970267713934,0.006314280052265,0.005904459935817,0.001968248475404,0.244530955101282
0.0436817472698908,1,0.486718728273264,0.081460198060986,0.005809080928634,0.080117838973443,0.080789018517207,0.007151440016161,0.006480260472395,0.006080559957618,0.002033510663160,0.243359364136627
0.0439024390243902,1,0.486015730408643,0.081741630638121,0.005854709993949,0.080390117396389,0.081065874017250,0.007206223235667,0.006530466614806,0.006134011614527,0.002053370875972,0.243007865204318
0.0446009389671362,1,0.483801187520226,0.082626095861256,0.005999624227716,0.081245632683607,0.081935864272425,0.007380087405347,0.006689855816529,0.006304270556968,0.002116787895256,0.241900593760109
0.0448613376835237,1,0.482979663116344,0.082953396235564,0.006053836934017,0.081562150745003,0.082257773490278,0.007445082424565,0.006749459679289,0.006368159956221,0.002140645860196,0.241489831558169
0.0455259026687598,1,0.480892935452944,0.083782788687905,0.006192646312494,0.082364053996020,0.083073421341956,0.007611381004363,0.006902013658426,0.006532228558552,0.002202063260371,0.240446467726468
0.0458265139116203,1,0.479953657729977,0.084155188374024,0.006255645036185,0.082724033740770,0.083439611057392,0.007686799669425,0.006971222352804,0.006606919432700,0.002230093741417,0.239976828864985
0.0464566929133858,1,0.477993927817389,0.084930313110904,0.006388122440809,0.083473154848559,0.084201733979724,0.007845280703137,0.007116701571970,0.006764446876712,0.002289354741606,0.238996963908690
0.0467980295566502,1,0.476937664500121,0.085347048137445,0.006460106439595,0.083875824798487,0.084611436467961,0.007931329778538,0.007195718109065,0.006850304681732,0.002321734836655,0.238468832250057
0.04739336492891,1,0.475104121073491,0.086068705030788,0.006586028134860,0.084572986420826,0.085320845725800,0.008081746744803,0.007333887439829,0.007000938566508,0.002378680325792,0.237552060536741
0.0477759472817133,1,0.473931634514532,0.086529015824712,0.006667193593226,0.085017581443889,0.085773298634295,0.008178627974036,0.007422910783629,0.007098330506476,0.002415589467628,0.236965817257262
0.0483359746434231,1,0.472223472387704,0.087197999685443,0.006786339178056,0.085663599142319,0.086430799413874,0.008320739721163,0.007553539449607,0.007241716823259,0.002470058004295,0.236111736193847
0.0487603305785124,1,0.470935519688850,0.087701130957871,0.006876879252061,0.086149360323555,0.086925245640708,0.008428649886364,0.007652764569211,0.007351011874921,0.002511677961730,0.235467759844421
0.0492845786963434,1,0.469351939625240,0.088318231656668,0.006989031611926,0.086745042700341,0.087531637178498,0.008562220568236,0.007775626090079,0.007486794982072,0.002563505773799,0.234675969812615
0.0497512437810945,1,0.467949272757857,0.088863432290221,0.007089136473330,0.087271217214647,0.088067324752429,0.008681351548890,0.007885244011109,0.007608363919306,0.002610020652980,0.233974636378925
0.0502392344497608,1,0.466489481343597,0.089429434876799,0.007194081733098,0.087817366047955,0.088623400462370,0.008806150561926,0.008000116147510,0.007736186517385,0.002659041637067,0.233244740671794
0.0507487520798669,1,0.464972847266708,0.090015957814215,0.007303938612845,0.088383207034413,0.089199582424309,0.008936689392633,0.008120314002737,0.007870401935558,0.002710637882934,0.232486423633351
0.0512,1,0.463636056784885,0.090531642634991,0.007401466090342,0.088880617411544,0.089706130023260,0.009052491313772,0.008226978702054,0.007989905042487,0.002756683603667,0.231818028392438
0.0517529215358931,1,0.462006197562400,0.091158744769212,0.007521259321409,0.089485383849488,0.090322064309345,0.009194620241119,0.008357939781262,0.008137141382705,0.002813550001567,0.231003098781197
0.0521669341894061,1,0.460791625869401,0.091624887583539,0.007611161481676,0.089934844298391,0.090779865940958,0.009301204766808,0.008456183124239,0.008247964309057,0.002856449690676,0.230395812934696
0.0527638190954774,1,0.459049278785431,0.092291829649064,0.007741072541317,0.090577800884998,0.091434815267026,0.009455101305370,0.008598086923342,0.008408597882307,0.002918777368111,0.229524639392713
0.0531400966183575,1,0.457956149188662,0.092709201743985,0.007823144951542,0.090980093503995,0.091844647623983,0.009552253191516,0.008687699071526,0.008510378206681,0.002958357923356,0.228978074594326
0.053781512605042,1,0.456102046861697,0.093415248209558,0.007963352502929,0.091660510533467,0.092537879371508,0.009718090179007,0.008840721340966,0.008684787217866,0.003026340351871,0.228051023430845
0.0541195476575121,1,0.455129587998650,0.093784616513092,0.008037393788028,0.092016411119231,0.092900513816156,0.009805599181873,0.008921496484948,0.008777160762376,0.003062426335800,0.227564793999321
0.0548060708263069,1,0.453164458494317,0.094529035475671,0.008188073721322,0.092733564363500,0.093631299919581,0.009983544833480,0.009085809277399,0.008965725334233,0.003136259332995,0.226582229247155
0.0551053484602917,1,0.452311904213908,0.094851162668845,0.008253885520183,0.093043842537499,0.093947502603165,0.010061205651511,0.009157545585844,0.009048326140113,0.003168672971556,0.226155952106949
0.0558375634517767,1,0.450236471156112,0.095633225748740,0.008415210993034,0.093797013128331,0.094715119438531,0.010251423613430,0.009333317303230,0.009251428337016,0.003248554703208,0.225118235578053
0.0560975609756098,1,0.449503060400461,0.095908870376080,0.008472597915354,0.094062432461474,0.094985651418770,0.010319035829943,0.009395816872646,0.009323888640312,0.003277115884210,0.224751530200226
0.0568760611205433,1,0.447318043081682,0.096727852613402,0.008644739392868,0.094850906774101,0.095789379693746,0.010521685232156,0.009583212312510,0.009541912491971,0.003363246866516,0.223659021540837
0.0570962479608483,1,0.446703019770372,0.096957769192293,0.008693508976622,0.095072224909979,0.096014997051129,0.010579053258920,0.009636281117769,0.009603862699360,0.003387773137952,0.223351509885181
0.0579216354344123,1,0.444409133259911,0.097812948944418,0.008876634270784,0.095895294447971,0.096854121696190,0.010794288767218,0.009835461518999,0.009837194224384,0.003480356239863,0.222204566629953
0.05810147299509,1,0.443911746174972,0.097997888073046,0.008916596940272,0.096073263224450,0.097035575648741,0.010841221788851,0.009878909364559,0.009888262889095,0.003500662808109,0.221955873087482
0.058974358974359,1,0.441509701427088,0.098888546913452,0.009110871248876,0.096930224506156,0.097909385709799,0.011069193656159,0.010090032452515,0.010137290118452,0.003599903253761,0.220754850713540
0.0591133004926108,1,0.441129204099401,0.099029255377490,0.009141840273336,0.097065590075467,0.098047422726472,0.011105505575342,0.010123672924337,0.010177103916299,0.003615802981640,0.220564602049696
0.0600343053173242,1,0.438619708059074,0.099954677995486,0.009347426218399,0.097955744521536,0.098955211258506,0.011346359692336,0.010346892955366,0.010442216916637,0.003721908352863,0.219309854029534
0.0601317957166392,1,0.438355358656777,0.100051898873693,0.009369217671193,0.098049247469049,0.099050573171364,0.011371869075822,0.010370543373505,0.010470400622179,0.003733211757614,0.219177679328384
0.0611015490533563,1,0.435739114364931,0.101011372975352,0.009586275336907,0.098971901291354,0.099991637133348,0.011625747020891,0.010606011178897,0.010751991519021,0.003846391996519,0.217869557182462
0.0611570247933884,1,0.435590175582057,0.101065845743756,0.009598708055225,0.099024276752720,0.100045061248232,0.011640277046244,0.010619492550732,0.010768167981824,0.003852907247643,0.217795087791024
0.0621761658031088,1,0.432867882279775,0.102058661953952,0.009827395025434,0.099978740844545,0.101018701399243,0.011907316134828,0.010867355580129,0.011066630982642,0.003973374659273,0.216433941139884
0.0621890547263682,1,0.432833621227153,0.102071122589068,0.009830290570539,0.099990718621664,0.101030920605359,0.011910694537926,0.010870492554230,0.011070421103674,0.003974907576292,0.216416810613573
0.0632279534109817,1,0.430085662554927,0.103067755435180,0.010063944583739,0.100948613124471,0.102008184279818,0.012183086894432,0.011123515739083,0.011377175228953,0.004099230881453,0.215042831277459
0.0632582322357019,1,0.430005974458090,0.103096574354387,0.010070761965770,0.100976308448937,0.102036441401657,0.012191027871206,0.011130894918486,0.011386152520810,0.004102876831324,0.215002987229042
0.0642737896494157,1,0.427346267134100,0.104055769736765,0.010299649680762,0.101897999668928,0.102976884702840,0.012457419748581,0.011378534714669,0.011688445731106,0.004225895314684,0.213673133567045
0.0643478260869565,1,0.427153354267318,0.104125138927997,0.010316353097800,0.101964648618310,0.103044893773149,0.012476843407473,0.011396598252635,0.011710573502409,0.004234919018946,0.213576677133656
0.0653266331658291,1,0.424615403134170,0.105035190382439,0.010537385664770,0.102838917027640,0.103937053705033,0.012733659019552,0.011635522342159,0.012004248115215,0.004354919041516,0.212307701567080
0.0654450261780105,1,0.424309985781461,0.105144383760230,0.010564145616929,0.102943805119249,0.104044094439734,0.012764724257897,0.011664434937411,0.012039911451191,0.004369521744867,0.212154992890727
0.0663865546218487,1,0.421893039319999,0.106006041699381,0.010777132554097,0.103771403343409,0.104888722521388,0.013011770910053,0.011894451732073,0.012324598017397,0.004486320241727,0.210946519659995
0.0665499124343257,1,0.421475833774853,0.106154336276395,0.010814116971566,0.103913820977819,0.105034078627102,0.013054632270128,0.011934374620845,0.012374184045033,0.004506705548591,0.210737916887423
0.0674536256323777,1,0.419179145047261,0.106968347458033,0.011018870580265,0.104695496134660,0.105831921796339,0.013291721903622,0.012155296241941,0.012649511204196,0.004620117109576,0.209589572523626
0.0676625659050967,1,0.418650863716044,0.107155023247277,0.011066244860691,0.104874738486072,0.106014880866669,0.013346529621883,0.012206387241285,0.012713409115182,0.004646490986694,0.209325431858019
0.0685279187817259,1,0.416473690257279,0.107922130876528,0.011262580186037,0.105611232300557,0.106766681588535,0.013573478761993,0.012418029474012,0.012979003571945,0.004756327854002,0.208236845128635
0.0687830687830688,1,0.415835041761905,0.108146470794645,0.011320507231490,0.105826599208381,0.106986535001508,0.013640378817740,0.012480443024613,0.013057604645481,0.004788898633050,0.207917520880949
0.0696095076400679,1,0.413776645472449,0.108867414625138,0.011508242023544,0.106518648126095,0.107693031375610,0.013857008522571,0.012682625273055,0.013313091146116,0.004894970698784,0.206888322736220
0.0699115044247788,1,0.413028334752008,0.109128704396673,0.011576882277072,0.106769443987661,0.107949074192162,0.013936142686071,0.012756512481570,0.013406788771569,0.004933949079032,0.206514167376001
0.0706984667802385,1,0.411087981791461,0.109804220830545,0.011755836952461,0.107417779286992,0.108611000058762,0.014142278495999,0.012949057724227,0.013651790080648,0.005036063882667,0.205543990895726
0.0710479573712256,1,0.410230710202697,0.110101748893133,0.011835348434241,0.107703312951286,0.108902530922204,0.014233784376074,0.013034566405155,0.013760979780046,0.005081662933645,0.205115355101345
0.0717948717948718,1,0.408407670885095,0.110732571080144,0.012005346038247,0.108308660854552,0.109520615967341,0.014429256263822,0.013217301151032,0.013995116657265,0.005179625659447,0.204203835442543
0.072192513368984,1,0.407442136301805,0.111065628490579,0.012095884381357,0.108628245516982,0.109846937003775,0.014533267354942,0.013314575868148,0.014120196107624,0.005232060823621,0.203721068150899
0.0728987993138937,1,0.405735684991502,0.111652486426087,0.012256750550429,0.109191327300258,0.110421906863166,0.014717909676243,0.013487330113333,0.014343087284749,0.005325674298010,0.202867842495747
0.073345259391771,1,0.404662581903359,0.112020366767408,0.012358469036267,0.109544280398503,0.110782323582951,0.014834555405160,0.013596512220712,0.014484456340248,0.005385163393452,0.202331290951676
0.0740103270223752,1,0.403071996912068,0.112563987389370,0.012510031960956,0.110065812500336,0.111314899944847,0.015008206849975,0.013759119405463,0.014695718498208,0.005474228082337,0.201535998456029
0.0745062836624776,1,0.401892016522188,0.112965986678714,0.012623081554296,0.110451455611096,0.111708721144900,0.015137612621902,0.013880347088097,0.014853779212172,0.005540991305379,0.200946008261091
0.0751295336787565,1,0.400416580007140,0.113467093963749,0.012765171942599,0.110932149740139,0.112199621851937,0.015300116166193,0.014032644054394,0.015053026958315,0.005625305311458,0.200208290003565
0.0756756756756757,1,0.399130410328862,0.113902510561092,0.012889701326321,0.111349808476828,0.112626159518955,0.015442403410573,0.014166052368445,0.015228183605017,0.005699565239317,0.199565205164428
0.0762564991334489,1,0.397769408192245,0.114361825619697,0.013022152367422,0.111790371718508,0.113076098669096,0.015593606268596,0.014307879318007,0.015415029450523,0.005778924299378,0.198884704096118
0.0768535262206148,1,0.396377734144906,0.114829960137377,0.013158307976919,0.112239375629814,0.113534667883590,0.015748892484469,0.014453600230692,0.015607688546794,0.005860905892732,0.198188867072450
0.0773913043478261,1,0.395130455933611,0.115248201308030,0.013280955305286,0.112640510551771,0.113944355929894,0.015888646061529,0.014584800683405,0.015781742884236,0.005935103374931,0.197565227966802
0.0780399274047187,1,0.393633959438045,0.115748356521232,0.013428881362587,0.113120193021236,0.114434274771229,0.016057044862571,0.014742963112577,0.015992313210889,0.006025033980453,0.196816979719019
0.0785340314136126,1,0.392499698244914,0.116126239463778,0.013541563022439,0.113482597777943,0.114804418620854,0.016185204708260,0.014863383865347,0.016153184291981,0.006093860881621,0.196249849122453
0.0792349726775956,1,0.390899058317194,0.116657720221533,0.013701401570020,0.113992295924097,0.115325008072810,0.016366825867443,0.015034113718730,0.016382076914996,0.006191970234427,0.195449529158594
0.0796847635726795,1,0.389877110682910,0.116995958009618,0.013803957980139,0.114316664360443,0.115656311185024,0.016483251629300,0.015143604804717,0.016529370828515,0.006255215177383,0.194938555341450
0.0804387568555759,1,0.388173003528286,0.117558071146829,0.013975848914485,0.114855718938012,0.116206895042415,0.016678201123288,0.015327025018885,0.016776999120033,0.006361735403411,0.194086501764140
0.0808435852372583,1,0.387262669344370,0.117857374359572,0.014068122833350,0.115142740692033,0.116500057525796,0.016782756500873,0.015425439667109,0.016910319769930,0.006419184634319,0.193631334672180
0.081651376146789,1,0.385455768449784,0.118449428609590,0.014252203938254,0.115710495993713,0.117079962301647,0.016991136554119,0.015621670246184,0.017177099429006,0.006534350252601,0.192727884224889
0.082010582010582,1,0.384656350862048,0.118710505422311,0.014334040429485,0.115960856598326,0.117335681010312,0.017083689253455,0.015708864841468,0.017296048512703,0.006585787638370,0.192328175431020
0.0828729281767956,1,0.382747327088308,0.119331811330336,0.014530447409111,0.116556660357377,0.117944235843851,0.017305598382057,0.015918022895582,0.017582397585818,0.006709835563196,0.191373663544151
0.0831858407079646,1,0.382058132401570,0.119555367604617,0.014601693807215,0.116771041341382,0.118163204472993,0.017386020070434,0.015993856938822,0.017686574572721,0.006755042588942,0.191029066200781
0.0841035120147874,1,0.380047654074583,0.120205237441717,0.014810560318940,0.117394244634866,0.118799741038287,0.017621553125778,0.016216056722357,0.017992913474047,0.006888212131891,0.190023827037289
0.0843694493783304,1,0.379467991657930,0.120391976814630,0.014871066195329,0.117573323623075,0.118982650218846,0.017689719386869,0.016280392791096,0.018081915584266,0.006926967898474,0.189733995828960
0.085343228200371,1,0.377356724659486,0.121069724492491,0.015092523882383,0.118223280775780,0.119646502634131,0.017938967599081,0.016515745740730,0.018408667115664,0.007069500770305,0.188678362329740
0.0855614973262032,1,0.376885906852312,0.121220348465068,0.015142141011662,0.118367731588360,0.119794040026708,0.017994757888355,0.016568449450006,0.018482089298960,0.007101581991956,0.188442953426151
0.0865921787709497,1,0.374674514710016,0.121925289451342,0.015376319535569,0.119043800077303,0.120484544764318,0.018257808909596,0.016817064222581,0.018829678669708,0.007253722304331,0.187337257355005
0.0867620751341682,1,0.374311856728872,0.122040497476339,0.015414901862067,0.119154292828396,0.120597395152361,0.018301106509995,0.016858004186029,0.018887113584664,0.007278903306382,0.187155928364432
0.0878504672897196,1,0.372001000705738,0.122771948710701,0.015661928934934,0.119855833187982,0.121313890949337,0.018578044457642,0.017119986696286,0.019255968430896,0.007440897573414,0.186000500352866
0.0879712746858169,1,0.371745820551838,0.122852438279636,0.015689332539467,0.119933034383594,0.121392736331608,0.018608736435493,0.017149034487477,0.019297006424355,0.007458950290154,0.185872910275915
