# Three-point probabilities for the X chr in 4-way RILs by sibling mating
# Note that these are for the minimal set of states.
# These are for the case of strong positive crossover interference
#     (the gamma model with nu=11.3)
#
rf,coi,AAA,AAB,ABA,AAC,ACC,ACA,CAC,ABC,ACB,CCC
2.16132099939483e-05,0,0.666551411989720,0.000057624764635,0.000000001743463,0.000057624100482,0.000057624432558,0.000000002407617,0.000000002075540,0.000000001992790,0.000000000498280,0.333275705994856
4.32301573577728e-05,0,0.666436168934857,0.000115238571185,0.000000006973093,0.000115235914954,0.000115237243070,0.000000009629324,0.000000008301208,0.000000007971333,0.000000001993494,0.333218084467424
8.6475268073331e-05,0,0.666205717682034,0.000230433318120,0.000000027886289,0.000230422696259,0.000230428007189,0.000000038508150,0.000000033197219,0.000000031886711,0.000000007976960,0.333102858841013
0.000173010380622837,0,0.665744954539366,0.000460691403909,0.000000111496506,0.000460648940947,0.000460670172428,0.000000153959467,0.000000132727986,0.000000127557896,0.000000031931727,0.332872477269680
0.000346260387811634,0,0.664823985189995,0.000920682395062,0.000000445597178,0.000920512738932,0.000920597566997,0.000000615253306,0.000000530425242,0.000000510320217,0.000000127918012,0.332411992594993
0.00066577896138482,0,0.663130752415181,0.001765531404265,0.000001640559972,0.001764907102874,0.001765219253568,0.000002264861362,0.000001952710668,0.000001882473413,0.000000473010664,0.331565376207587
0.000693481276005548,0,0.662984270119022,0.001838567258856,0.000001779283512,0.001837890197810,0.001838228728332,0.000002456344556,0.000002117814034,0.000002041993390,0.000000513200912,0.331492135059507
0.00133511348464619,0,0.659605745387860,0.003520774364674,0.000006540323064,0.003518288201525,0.003519531283097,0.000009026486210,0.000007783404636,0.000007534984590,0.000001902869934,0.329802872693925
0.00139082058414465,0,0.659313701767115,0.003665977147069,0.000007092381168,0.003663281374859,0.003664629260963,0.000009788153375,0.000008440267272,0.000008173729131,0.000002065035410,0.329656850883554
0.00200803212851406,0,0.656091579824080,0.005265786405166,0.000014666638545,0.005260217293021,0.005263001849091,0.000020235750685,0.000017451194615,0.000016965310930,0.000004305821360,0.328045789912035
0.00209205020920502,0,0.655654887379291,0.005482294595465,0.000015902427783,0.005476257063556,0.005479275829509,0.000021939959688,0.000018921193735,0.000018404006772,0.000004673854457,0.327827443689643
0.00268456375838926,0,0.652588190803158,0.007000624269290,0.000025987151769,0.006990767475127,0.006995695872205,0.000035843945926,0.000030915548848,0.000030181418123,0.000007698113443,0.326294095401574
0.00279720279720280,0,0.652007753711185,0.007287583617459,0.000028172906117,0.007276899739196,0.007282241678325,0.000038856784375,0.000033514845245,0.000032741847377,0.000008358014995,0.326003876855588
0.00336473755047106,0,0.649095514234714,0.008725343928764,0.000040469799925,0.008710010956995,0.008717677442877,0.000055802771686,0.000048136285805,0.000047191460120,0.000012096001238,0.324547757117352
0.00350631136044881,0,0.648372228493912,0.009081907319564,0.000043867641651,0.009065290833079,0.009073599076319,0.000060484128130,0.000052175884891,0.000051196493469,0.000013135881875,0.324186114246953
0.00404858299595142,0,0.645613486849003,0.010440000591881,0.000058082807799,0.010418019069697,0.010429009830785,0.000080064329974,0.000069073568886,0.000068003779051,0.000017515747892,0.322806743424497
0.00421940928270042,0,0.644748240422418,0.010865327911682,0.000062950797458,0.010841510745400,0.010853419328538,0.000086767963733,0.000074859380595,0.000073777409004,0.000019025829795,0.322374120211205
0.0047361299052774,0,0.642142046187873,0.012144648711794,0.000078794683642,0.012114862276591,0.012129755494189,0.000108581118835,0.000093687901238,0.000092626905242,0.000023973626225,0.321071023093933
0.00493653032440056,0,0.641135719144174,0.012637906717224,0.000085386869132,0.012605638857916,0.012621772787566,0.000117654728432,0.000101520798782,0.000100494279381,0.000026046245215,0.320567859572084
0.00542740841248304,0,0.638681130595147,0.013839341994649,0.000102574215097,0.013800610183527,0.013819976089083,0.000141306026208,0.000121940120652,0.000121069557262,0.000031485920296,0.319340565297568
0.00565770862800566,0,0.637534595247702,0.014399704183020,0.000111140679815,0.014357753546390,0.014378728864701,0.000153091316436,0.000132115998125,0.000131357011484,0.000034215528275,0.318767297623847
0.00612244897959184,5.44009282066327e-14,0.635230679208226,0.015524133407569,0.000129390465178,0.015475331548870,0.015499732478214,0.000178192323865,0.000153791394521,0.000153340641964,0.000040068926965,0.317615339604108
0.00638297872340425,8.6967470262304e-14,0.633944800252182,0.016150779889069,0.000140177375286,0.016097932192831,0.016124356040947,0.000193025071515,0.000166601223400,0.000166375733758,0.000043552094706,0.316972400126086
0.0068212824010914,1.79034564951053e-13,0.631790631948719,0.017199075186488,0.000159212768309,0.017139094293356,0.017169084739917,0.000219193661428,0.000189203214868,0.000189449254568,0.000049738957442,0.315895315974355
0.00711237553342817,2.80975243072135e-13,0.630366266596062,0.017891192558082,0.000172462419132,0.017826251197501,0.017858721877787,0.000237403779702,0.000204933099416,0.000205560796320,0.000054074377731,0.315183133298028
0.00752393980848153,4.86943818600594e-13,0.628360929514002,0.018864218843854,0.000192010726419,0.018791965509789,0.018828092176816,0.000264264060471,0.000228137393444,0.000229404678767,0.000060512338842,0.314180464756997
0.00784593437945792,7.64116043166558e-13,0.626798927626803,0.019621000064854,0.000207961587990,0.019542785990733,0.019581893027789,0.000286175662100,0.000247068625044,0.000248922771097,0.000065800829964,0.313399463813398
0.00823045267489712,1.20053966767841e-12,0.624941513368696,0.020519615176192,0.000227754205098,0.020434011472582,0.020476813324381,0.000313357908694,0.000270556056895,0.000273216386861,0.000072405415730,0.312470756684343
0.00858369098712446,1.86251014611116e-12,0.623242717590322,0.021340259445468,0.000246640966862,0.021247611044535,0.021293935244997,0.000339289367784,0.000292965167322,0.000296472452005,0.000078749925309,0.311621358795157
0.00894085281980743,2.75666668979004e-12,0.621532325735965,0.022165314271513,0.000266413329805,0.022065297647117,0.022115305959309,0.000366429954188,0.000316421641995,0.000320894039911,0.000085434551666,0.310766162867978
0.00932568149210904,4.21437244076864e-12,0.619697571620924,0.023049026906314,0.000288466944499,0.022940799883997,0.022994913395151,0.000396693966804,0.000342580455651,0.000348220855151,0.000092940160845,0.309848785810458
0.0096551724137931,5.95634652711397e-12,0.618133309589712,0.023801365516618,0.000307958482137,0.023685888698979,0.023743627107792,0.000423435299761,0.000365696890948,0.000372447487929,0.000099616130743,0.309066654794850
0.0100719424460432,9.04982438194273e-12,0.616163425731041,0.024747357832937,0.000333406208856,0.024622425098496,0.024684891465711,0.000458338943285,0.000395872576070,0.000404179219078,0.000108390058715,0.308081712865516
0.0103734439834025,1.21366916516763e-11,0.614744408646077,0.025427817604238,0.000352360296144,0.025295848503019,0.025361833053622,0.000484329397348,0.000418344846744,0.000427886770078,0.000114966559134,0.307372204323034
0.0108225108225108,1.8434453963323e-11,0.612640216801770,0.026435306798737,0.000381425742613,0.026292558352720,0.026363932575724,0.000524174188618,0.000452799965614,0.000464359005031,0.000125118168010,0.306320108400881
0.0110957004160888,2.35838709672365e-11,0.611365567355748,0.027044718540071,0.000399589654700,0.026895240152271,0.026969979346165,0.000549068042486,0.000474328848592,0.000487222114918,0.000131502266617,0.305682783677869
0.0115774240231548,3.58457430404968e-11,0.609127882572781,0.028112927573469,0.000432492818764,0.027951270397481,0.028032098985470,0.000594149994740,0.000513321406751,0.000528771897264,0.000143143066648,0.304563941286388
0.0118219749652295,4.40728107603865e-11,0.607996730895940,0.028652115649669,0.000449617685928,0.028484125966713,0.028568120808185,0.000617607368869,0.000533612527397,0.000550463940650,0.000149239708116,0.303998365447965
0.0123367198838897,6.70360629751552e-11,0.605626361632975,0.029780273131605,0.000486574996272,0.029598631080351,0.029689452105973,0.000668217047513,0.000577396021891,0.000597429803378,0.000162483363256,0.302813180816483
0.0125523012552301,7.9470319214181e-11,0.604637845162791,0.030250055585210,0.000502415759671,0.030062567501902,0.030156311543549,0.000689903842963,0.000596159801316,0.000617622855411,0.000168195365233,0.302318922581390
0.0131004366812227,1.20866205932657e-10,0.602135593411342,0.031437395660540,0.000543640115785,0.031234709356133,0.031336052508332,0.000746326420180,0.000644983267981,0.000670344854681,0.000183157699043,0.301067796705667
0.0132867132867133,1.38791317620022e-10,0.601288856763752,0.031838584332138,0.000557955484015,0.031630625557440,0.031734604944783,0.000765914258697,0.000661934871354,0.000688709657580,0.000188385747775,0.300644428381871
0.0138686131386861,2.11099558885950e-10,0.598655518167522,0.033084346568617,0.000603656295422,0.032859573297112,0.032971959932859,0.000828429566914,0.000716042931167,0.000747529406598,0.000205184749677,0.299327759083758
0.0140252454417952,2.35576891327582e-10,0.597949713010277,0.033417747215692,0.000616208701869,0.033188360185328,0.033303053700504,0.000845595732217,0.000730902217040,0.000763735336108,0.000209827395289,0.298974856505134
0.0146412884333821,3.58265650479694e-10,0.595186076983077,0.034721176493017,0.000666591926610,0.034473290103164,0.034597233298085,0.000914478316450,0.000790535121529,0.000828996039091,0.000228583227163,0.297593038491534
0.0147679324894515,3.89632326402989e-10,0.594620361910280,0.034987588907293,0.000677147487574,0.034735830698145,0.034861709802712,0.000928905696705,0.000803026592138,0.000842711070883,0.000232536878590,0.297310180955136
0.0154185022026432,5.92543696648866e-10,0.591727211752327,0.036347935307475,0.000732415669996,0.036075926111659,0.036211930709561,0.001004424865798,0.000868420267895,0.000914757557130,0.000253371881711,0.295863605876160
0.0155148095909732,6.2947519923801e-10,0.591300752161265,0.036548153430834,0.000740744143586,0.036273095677133,0.036410624553977,0.001015801897269,0.000878273020426,0.000925648233109,0.000256530801289,0.295650376080628
0.01620029455081,9.57248411850096e-10,0.588278865174039,0.037964672129869,0.000801096451404,0.037667546807223,0.037816109468541,0.001098221774037,0.000949659112719,0.001004826991184,0.000279569503615,0.294139432587017
0.0162659123055163,9.95465758133763e-10,0.587990833142934,0.038099484168822,0.000806971197181,0.037800212980100,0.037949848574454,0.001106242385886,0.000956606791531,0.001012558385713,0.000281825801324,0.293995416571463
0.0169867060561300,1.51375813333518e-09,0.584840980742817,0.039571435329650,0.000872603457867,0.039248216831311,0.039409826080475,0.001195821956193,0.001034212707028,0.001099217597744,0.000307194925125,0.292420490371405
0.0170212765957447,1.54375956462616e-09,0.584690554910820,0.039641623868461,0.000875801397222,0.039317239749249,0.039479431808849,0.001200185516418,0.001037993456817,0.001103453283781,0.000308438552490,0.292345277455406
0.0177777777777778,2.34741601157218e-09,0.581413502740653,0.041168272535104,0.000946906133703,0.040817999991604,0.040993136263349,0.001297178677189,0.001122042405444,0.001197942859885,0.000336267022326,0.290706751370323
0.0177809388335704,2.35141937032779e-09,0.581399868188683,0.041174614647518,0.000947207710968,0.040824232418792,0.040999423533148,0.001297589939678,0.001122398825321,0.001198344875013,0.000336385765970,0.290699934094335
0.0185449358059914,3.52283456252532e-09,0.578118724362667,0.042698498000197,0.001021163320926,0.042321246722538,0.042509872361361,0.001398414598568,0.001209788959744,0.001297245300205,0.000365684191867,0.289059362181329
0.0185735512630015,3.57532848660469e-09,0.577996376228918,0.042755230640501,0.001023974176659,0.042376959271272,0.042566094955881,0.001402245545874,0.001213109861265,0.001301016487851,0.000366804717011,0.288998188114456
0.0193133047210300,5.19755875375931e-09,0.574847075474223,0.044213314802792,0.001097641621747,0.043808337701259,0.044010826252018,0.001502618723264,0.001300130172502,0.001400166893753,0.000396350620735,0.287423537737107
0.0193740685543964,5.35609369676739e-09,0.574589547039969,0.044332355813048,0.001103777534108,0.043925156838009,0.044128756325523,0.001510976509133,0.001307377021619,0.001408452419671,0.000398826978564,0.287294773519981
0.0200860832137733,7.56023040996264e-09,0.571584874213843,0.045719105319293,0.001176616217175,0.045285559709978,0.045502332514628,0.001610161826471,0.001393389021820,0.001507122184187,0.000428401885117,0.285792437106917
0.0201793721973094,7.90172179539657e-09,0.571192961769816,0.045899693499778,0.001186286399304,0.045462654053006,0.045681173776387,0.001623325846062,0.001404806122681,0.001520264821818,0.000432352825838,0.285596480884905
0.020863309352518,1.08524913193950e-08,0.568332073914713,0.047215909206838,0.001258060917028,0.046752966425119,0.046984437815971,0.001721003698730,0.001489532307876,0.001618123894724,0.000461854861082,0.284166036957353
0.0209895052473763,1.14927083009039e-08,0.567806567770006,0.047457288434202,0.001271471207694,0.046989511479659,0.047223399956925,0.001739248162223,0.001505359684957,0.001636468089882,0.000467401329042,0.283903283885000
0.0216450216450216,1.53875885366972e-08,0.565088628546596,0.048703765521087,0.001341949734237,0.048210610851532,0.048457188186303,0.001835104403775,0.001588527069004,0.001733184943843,0.000496726469764,0.282544314273294
0.0218045112781955,1.64960181147051e-08,0.564430313140152,0.049005184642881,0.001359302633289,0.048505788892182,0.048755486767526,0.001858698383974,0.001609000508630,0.001757076849285,0.000503991611626,0.282215156570072
0.0224312590448625,2.15678142155875e-08,0.561854492709677,0.050182712721457,0.001428256881920,0.049658545329392,0.049920629025418,0.001952424273968,0.001690340577942,0.001852318445893,0.000533033678906,0.280927246354835
0.0226244343891403,2.33872106347732e-08,0.561064146720463,0.050543425451812,0.001449751585087,0.050011545284017,0.050277485367909,0.001981631752867,0.001715691668975,0.001882105956026,0.000542142852175,0.280532073360228
0.02322206095791,2.99055777225332e-08,0.558629621628740,0.051652788676250,0.001516956770505,0.051096821540969,0.051374805108602,0.002072923905769,0.001794940338134,0.001975537711719,0.000570793504407,0.279314810814365
0.0234493192133132,3.27567201678781e-08,0.557708018084661,0.052072053492730,0.001542789203550,0.051506838876158,0.051789446184438,0.002108003820108,0.001825396511827,0.002011570497451,0.000581874286304,0.278854009042328
0.0240174672489083,4.10225782838064e-08,0.555413971147076,0.053114030667680,0.001608024004885,0.052525490517290,0.052819760592478,0.002196564155259,0.001902294080069,0.002102856249310,0.000610023011870,0.277706985573534
0.0242792109256449,4.54145177297693e-08,0.554361877532714,0.053591110709124,0.001638386857185,0.052991727125151,0.053291418917132,0.002237770441143,0.001938078649162,0.002145485793059,0.000623205208558,0.277180938766354
0.0248175182481752,5.57723654841002e-08,0.552207497721125,0.054566475396692,0.001701433381687,0.053944602644578,0.054255539020628,0.002323306133785,0.002012369757733,0.002234287764480,0.000650739318162,0.276103748860558
0.0251141552511416,6.23278730445391e-08,0.551025676083870,0.055100638362300,0.001736516139094,0.054466266731157,0.054783452546723,0.002370887770222,0.002053701954656,0.002283867395339,0.000666154974320,0.275512838041932
0.0256222547584187,7.51468054195824e-08,0.549010158414652,0.056010158987851,0.001797159886463,0.055354207670757,0.055682183329297,0.002453111203539,0.002125135544998,0.002369846161555,0.000692959592965,0.274505079207321
0.0259541984732824,8.47274291249742e-08,0.547699365469965,0.056600677037129,0.001837148863672,0.055930513645663,0.056265595341391,0.002507312255125,0.002172230559397,0.002426731090627,0.000710743001721,0.273849682734980
0.026431718061674,1.00395680269205e-07,0.545821910893453,0.057445116993931,0.001895178691046,0.056754354711644,0.057099735852780,0.002585940973314,0.002240559832178,0.002509545544107,0.000736701060347,0.272910955446721
0.0267993874425727,1.14145172532990e-07,0.544382898128641,0.058091266647695,0.001940257063331,0.057384523079095,0.057737894863390,0.002647000631916,0.002293628847622,0.002574092900010,0.000756988773563,0.272191449064319
0.0272459499263623,1.33055392745704e-07,0.542642713419657,0.058871384400411,0.001995465150905,0.058145092257043,0.058508238328720,0.002721757294255,0.002358611222578,0.002653400215692,0.000781981000329,0.271321356709825
0.0276497695852535,1.52475763367151e-07,0.541076227197261,0.059572446442818,0.002045812985292,0.058828349508302,0.059200397975555,0.002789909919793,0.002417861452541,0.002725969080242,0.000804911839242,0.270538113598627
0.0280649926144756,1.75003498604834e-07,0.539472524847248,0.060288995629956,0.002097994802566,0.059526468176814,0.059907731903378,0.002860522255690,0.002479258529125,0.002801424680615,0.000828816750460,0.269736262423619
0.0285053929121726,2.02047538675896e-07,0.537779306506023,0.061044255011306,0.002153789088454,0.060262046683744,0.060653150847520,0.002935997416002,0.002544893252226,0.002882376124701,0.000854531816687,0.268889653253010
0.0288888888888889,2.28521593955614e-07,0.536311304616261,0.061697984546597,0.002202743361082,0.060898529726638,0.061298257136611,0.003002198181023,0.002602470771051,0.002953633644732,0.000877225707406,0.268155652308127
0.0293663060278207,2.65704904546307e-07,0.534492090572354,0.062506730287150,0.002264158040331,0.061685667636626,0.062096198961883,0.003085220690841,0.002674689365584,0.003043330764372,0.000905868394300,0.267246045286175
0.0297176820208024,2.96367501756434e-07,0.533159012748279,0.063098384459885,0.002309686717571,0.062261323553750,0.062679854006810,0.003146747623688,0.002728217170627,0.003110042016252,0.000927225328534,0.266579506374133
0.0302325581395349,3.46903208808386e-07,0.531214534594835,0.063959909554465,0.002376892714068,0.063099264685775,0.063529587120115,0.003237537582745,0.002807215148405,0.003208849968851,0.000958941332915,0.265607267297414
0.0305514157973174,3.81857856511277e-07,0.530015609841596,0.064490228128865,0.002418800936809,0.063614895702488,0.064052561915669,0.003294133363168,0.002856467149986,0.003270664906579,0.000978833133516,0.265007804920793
0.031104199066874,4.49817425468568e-07,0.527946594447452,0.065403829452248,0.002491966185546,0.064502889444322,0.064953359448280,0.003392906193459,0.002942436189501,0.003378950947391,0.001013770467758,0.263973297223724
0.031390134529148,4.88961985868817e-07,0.526881057066694,0.065873547765896,0.002530062254896,0.064959291619683,0.065416419692783,0.003444318401092,0.002987190327992,0.003435517631159,0.001032066705929,0.263440528533343
0.0319812792511700,5.7946653907757e-07,0.524688226673890,0.066838525978913,0.002609351730566,0.065896592826167,0.066367559402535,0.003551284883298,0.003080318306930,0.003553651149955,0.001070375710425,0.262344113336943
0.0322338830584708,6.22408647040489e-07,0.523755316161653,0.067248375040288,0.002643447076992,0.066294556159871,0.066771465600072,0.003597265957391,0.003120356517189,0.003604615710367,0.001086943694880,0.261877658080822
0.0328638497652582,7.41854875815509e-07,0.521439388482672,0.068264034496682,0.002729022822136,0.067280425052292,0.067772229774482,0.003712632266512,0.003220827544322,0.003732968268318,0.001128777050874,0.260719694241334
0.0330827067669173,7.87806481918694e-07,0.520638349427863,0.068614741081769,0.002758931975128,0.067620733590332,0.068117737336044,0.003752939466548,0.003255935720835,0.003777974870397,0.001143481816629,0.260319174713927
0.0337519623233909,9.44132441111188e-07,0.518200037741721,0.069680389735651,0.002850953127863,0.068654435656758,0.069167412696199,0.003876907206742,0.003363930167301,0.003916920237172,0.001188994559424,0.259100018870857
0.0339366515837104,9.9177988854097e-07,0.517530119726190,0.069972676483814,0.002876493686107,0.068937867595988,0.069455272039894,0.003911302573915,0.003393898130009,0.003955611044176,0.001201698856228,0.258765059863091
0.0346456692913386,1.19477594176773e-06,0.514970132973554,0.071087625797642,0.002975116507454,0.070018673492489,0.070553149645060,0.004044068812593,0.003509592660021,0.004105525235268,0.001251048388777,0.257485066486774
0.0347957639939486,1.24212150650567e-06,0.514430590472943,0.071322211306710,0.002996109109491,0.070246001284054,0.070784106295375,0.004072319132129,0.003534214120807,0.004137540372306,0.001261612669171,0.257215295236467
0.0355450236966825,1.50379260794864e-06,0.511749633351015,0.072485776159832,0.003101487010341,0.071373186736840,0.071929481448331,0.004214076433319,0.003657781721828,0.004298801686577,0.001314958776052,0.255874816675503
0.035660091047041,1.54796298714402e-06,0.511339725636105,0.072663375080418,0.003117755305683,0.071545177188482,0.072104276134444,0.004235953197601,0.003676854251639,0.004323779204002,0.001323241183059,0.255669862818048
0.0364500792393027,1.88294882229745e-06,0.508538498692637,0.073874873678008,0.003230038873442,0.072718022896805,0.073296448287401,0.004386889654631,0.003808464264035,0.004496768261467,0.001380746044838,0.254269249346316
0.0365296803652968,1.91996549329942e-06,0.508257489732032,0.073996196807248,0.003241409494127,0.072835437274227,0.073415817040731,0.004402169027130,0.003821789260626,0.004514344098072,0.001386602399279,0.254128744866011
0.0373608903020668,2.34602582993807e-06,0.505336689459013,0.075254950589589,0.003360746519073,0.074053228814003,0.074654089701790,0.004562468294644,0.003961607406856,0.004699443877903,0.001448430607270,0.252668344729503
0.0374045801526718,2.37053177520647e-06,0.505183847822272,0.075320704964247,0.003367049051616,0.074116822941246,0.074718763952739,0.004570931074600,0.003968990063106,0.004709251823885,0.001451714394699,0.252591923911131
0.0382775119617225,2.9091047746288e-06,0.502144166748785,0.076626038516232,0.003493584553008,0.075378850669272,0.076002444592746,0.004740772399954,0.004117178476479,0.004906847702661,0.001518032966118,0.251072083374390
0.0382848392036753,2.91404141824270e-06,0.502118765510394,0.076636927505308,0.003494651510732,0.075389375028222,0.076013151266758,0.004742203987800,0.004118427749264,0.004908519362368,0.001518595323379,0.251059382755193
0.0391705069124424,3.56711124220343e-06,0.499062208939822,0.077944891863067,0.003624194558425,0.076653133816107,0.077299012839580,0.004915952605368,0.004270073581894,0.005112163907015,0.001587263418297,0.249531104469906
0.0392,3.59088354289534e-06,0.498960892295663,0.077988168466153,0.003628527762734,0.076694933986985,0.077341551226563,0.004921762241887,0.004275145002309,0.005118999152557,0.001589573716911,0.249480446147828
0.0400616332819723,4.34888257679387e-06,0.496014144790833,0.079244624950354,0.003755656034740,0.077908139031223,0.078576381990782,0.005092141953853,0.004423898994294,0.005320202864885,0.001657736993104,0.248007072395412
0.0401284109149278,4.41302794782494e-06,0.495786828465496,0.079341370835999,0.003765551115885,0.078001523638969,0.078671447237479,0.005105398312901,0.004435474714391,0.005335917895685,0.001663073550077,0.247893414232744
0.0409582689335394,5.28133770423518e-06,0.492974540279018,0.080536153161438,0.003889013931720,0.079154429848201,0.079845291504813,0.005270737244941,0.004579875588328,0.005532653857628,0.001730034443895,0.246487270139504
0.0410628019323672,5.40055985543506e-06,0.492621938253622,0.080685675412286,0.003904629758896,0.079298663847996,0.079992169630135,0.005291641323172,0.004598135541032,0.005557623852658,0.001738553253119,0.246310969126808
0.0418604651162791,6.38964709895637e-06,0.489943363153375,0.081819502372827,0.004024246392483,0.080392044892485,0.081105773632650,0.005451703872808,0.004737975132643,0.005749534722498,0.001804174251002,0.244971681576683
0.0420032310177706,6.58228500427943e-06,0.489466185282812,0.082021111372360,0.004045739015887,0.080586398190855,0.081303754781602,0.005480452197378,0.004763095606630,0.005784137197862,0.001816033712810,0.244733092641403
0.0427682737169518,7.70254995773828e-06,0.486920581695120,0.083094697943693,0.004161331710504,0.081621022242521,0.082357860093100,0.005635007411658,0.004898169561079,0.005970863513377,0.001880174980818,0.243460290847556
0.0429497568881686,7.9912632995757e-06,0.486319533802183,0.083347707284953,0.004188854387809,0.081864769601054,0.082606238442998,0.005671792071694,0.004930323229750,0.006015478360704,0.001895535917435,0.243159766901088
0.0436817472698908,9.25277000376637e-06,0.483906164716768,0.084361764715879,0.004300248329105,0.082841399431539,0.083601582073703,0.005820613613427,0.005060430971264,0.006196658501782,0.001958055287645,0.241953082358379
0.0439024390243902,9.66532457365628e-06,0.483181948685486,0.084665491109974,0.004333951551862,0.083133820370812,0.083899655740387,0.005865622291010,0.005099786921434,0.006251668026845,0.001977080959058,0.241590974342740
0.0446009389671362,1.10774688443169e-05,0.480900081561522,0.085620727013384,0.004440974841196,0.084053213448884,0.084836970231127,0.006008488405679,0.005224731623436,0.006426938177875,0.002037833915571,0.240450040780757
0.0448613376835237,1.16476326533272e-05,0.480053395431287,0.085974490197936,0.004481006361222,0.084393592152744,0.085184041175335,0.006061904406400,0.005271455383809,0.006492727139439,0.002060690035833,0.240026697715640
0.0455259026687598,1.32187391664452e-05,0.477902302103712,0.086871608641463,0.004583489989264,0.085256500740995,0.086064054691222,0.006198597889715,0.005391043939487,0.006661721251458,0.002119529700387,0.238951151051852
0.0458265139116203,1.39873008749530e-05,0.476933840162701,0.087274731288538,0.004629994845107,0.085644125960771,0.086459428624649,0.006260600172859,0.005445297508981,0.006738676900342,0.002146384454353,0.238466920081348
0.0464566929133858,1.57241400395030e-05,0.474912796748747,0.088114432885009,0.004727772665639,0.086451297211738,0.087282865048366,0.006390908338893,0.005559340502264,0.006901026652944,0.002203161571527,0.237456398374369
0.0467980295566502,1.67400621583199e-05,0.473823249628490,0.088566240508666,0.004780893209202,0.086885462170528,0.087725851339592,0.006461671547325,0.005621282378261,0.006989538771298,0.002234185632053,0.236911624814242
0.04739336492891,1.86472767625512e-05,0.471931536434833,0.089349222506550,0.004873801913078,0.087637638222414,0.088493430364475,0.006585386197198,0.005729594055135,0.007144873534308,0.002288748554060,0.235965768217411
0.0477759472817133,1.99689966276181e-05,0.470721591204532,0.089849043369569,0.004933677836487,0.088117640519031,0.088983341944295,0.006665080687012,0.005799379261748,0.007245334475098,0.002324115099653,0.235360795602263
0.0483359746434231,2.20484275667611e-05,0.468958492634299,0.090575999743452,0.005021556925669,0.088815558591043,0.089695779167240,0.006781998078061,0.005901777501862,0.007393281270014,0.002376309770709,0.234479246317145
0.0487603305785124,2.37453201579008e-05,0.467628832896136,0.091123164763222,0.005088325288500,0.089340700103626,0.090231932433419,0.006870789948082,0.005979557618289,0.007506085996693,0.002416194503657,0.233814416448065
0.0492845786963434,2.59952196113587e-05,0.465993637355976,0.091794786304508,0.005171017050096,0.089985092591133,0.090889939447813,0.006980710763454,0.006075863906772,0.007646269457898,0.002465864443926,0.232996818677983
0.0497512437810945,2.81492367964376e-05,0.464544943341302,0.092388628957804,0.005244812307060,0.090554679380176,0.091471654168985,0.007078761884674,0.006161787095865,0.007771815584265,0.002510445608919,0.232272471670647
0.0502392344497608,3.05633565707114e-05,0.463036943148193,0.093005603365783,0.005322161787293,0.091146273949776,0.092075938657773,0.007181491203283,0.006251826495285,0.007903857920008,0.002557431898007,0.231518471574092
0.0507487520798669,3.32708584279640e-05,0.461469891814724,0.093645459592207,0.005403115816514,0.091759616160386,0.092702537876291,0.007288959248320,0.006346037532415,0.008042545750228,0.002606890301256,0.230734945907359
0.0512,3.58374002977675e-05,0.460088383102727,0.094208471565722,0.005474970794517,0.092299135845124,0.093253803705417,0.007384306515098,0.006429638654804,0.008166066703403,0.002651031561261,0.230044191551359
0.0517529215358931,3.92111946971146e-05,0.458403648232838,0.094893679669509,0.005563212926527,0.092955547608242,0.093924613638871,0.007501344987781,0.006532278957152,0.008318299272165,0.002705550590139,0.229201824116416
0.0521669341894061,4.19116088661127e-05,0.457147930859229,0.095403410999351,0.005629423887867,0.093443710903067,0.094423560951202,0.007589123984134,0.006609273935998,0.008432916080875,0.002746682968232,0.228573965429610
0.0527638190954774,4.60832164087491e-05,0.455346183160035,0.096133311549373,0.005725080935476,0.094142510235515,0.095137910892439,0.007715882249321,0.006720481592397,0.008599099193683,0.002806448611454,0.227673091580014
0.0531400966183575,4.88908333552519e-05,0.454215560610279,0.096590441211538,0.005785501045295,0.094580031193096,0.095585236202310,0.007795911063720,0.006790706054505,0.008704426551608,0.002844405761981,0.227107780305135
0.053781512605042,5.40129953425367e-05,0.452297467815577,0.097364376939168,0.005888697334479,0.095320539896168,0.096342458417662,0.007932534377466,0.006910615855970,0.008884968825162,0.002909606630338,0.226148733907785
0.0541195476575121,5.68914755683766e-05,0.451291247108315,0.097769581189490,0.005943182410135,0.095708128223538,0.096738854706507,0.008004635376070,0.006973908893100,0.008980618841768,0.002944219696428,0.225645623554153
0.0548060708263069,6.31409236274096e-05,0.449257474082141,0.098586896883909,0.006054039812123,0.096489671779759,0.097538284331829,0.008151264916261,0.007102652364190,0.009175931744406,0.003015047044097,0.224628737041067
0.0551053484602917,6.6042508978018e-05,0.448374965672219,0.098940849353956,0.006102448295190,0.096828032935652,0.097884441144798,0.008215264713478,0.007158856504331,0.009261513904973,0.003046144638766,0.224187482836105
0.0558375634517767,7.36230152906702e-05,0.446226174515443,0.099800891754802,0.006221086259938,0.097649940403647,0.098725416079220,0.008372037611079,0.007296561935507,0.009472011797151,0.003122792385216,0.223113087257718
0.0560975609756098,7.64865649849827e-05,0.445466692195964,0.100104263549569,0.006263279187421,0.097939775697016,0.099022019623286,0.008427767039957,0.007345523113686,0.009547132922691,0.003150200571939,0.222733346097977
0.0568760611205433,8.56322930555687e-05,0.443203542355267,0.101006381236341,0.006389814778662,0.098801379603988,0.099903880420160,0.008594816411002,0.007492315594830,0.009773233097443,0.003232865324464,0.221601771177631
0.0570962479608483,8.83810864910041e-05,0.442566403157648,0.101259841033859,0.006425655753270,0.099043386293786,0.100151613663816,0.008642110493328,0.007533883123296,0.009837497304488,0.003256407597196,0.221283201578819
0.0579216354344123,9.93602625828535e-05,0.440189551537529,0.102203384311802,0.006560203685365,0.099944022525351,0.101073703418571,0.008819565471802,0.007689884578582,0.010079620027838,0.003345288674088,0.220094775768761
0.05810147299509,0.000101899550731901,0.439674075630082,0.102407598465155,0.006589558844674,0.100138893922011,0.101273246193576,0.008858263387801,0.007723911116235,0.010132628688168,0.003364785936733,0.219837037815037
0.058974358974359,0.000115018476924339,0.437184176708672,0.103391919247245,0.006732231521484,0.101077901609122,0.102234910428179,0.009046249159594,0.007889240340537,0.010391197239434,0.003460085391131,0.218592088354332
0.0591133004926108,0.000117232763121209,0.436789687292447,0.103547551889128,0.006754969505794,0.101226327177830,0.102386939533473,0.009076194217074,0.007915581861431,0.010432548939755,0.003475355936412,0.218394843646219
0.0600343053173242,0.000132840193118306,0.434187393240682,0.104572003573597,0.006905877061827,0.102203048580266,0.103387526076926,0.009274832055144,0.008090354558483,0.010707989651678,0.003577278580847,0.217093696620337
0.0601317957166392,0.000134590223654583,0.433913216442926,0.104679716723914,0.006921868980519,0.102305714046456,0.103492715385178,0.009295871657961,0.008108870319238,0.010737280153297,0.003588138068562,0.216956608221459
0.0611015490533563,0.00015308212299424,0.431199177248453,0.105743654067022,0.007081119324608,0.103319494432697,0.104531574249854,0.009505278958920,0.008293199141762,0.011030022451955,0.003696891500240,0.215599588624223
0.0611570247933884,0.000154201567419680,0.431044642013338,0.105804107743927,0.007090238720799,0.103377081890102,0.104590594817008,0.009517264574608,0.008303751647701,0.011046844650518,0.003703152934898,0.215522321006665
0.0621761658031088,0.000176026279863758,0.428219505608866,0.106906886727364,0.007257937582591,0.104427269413045,0.105667078070199,0.009737554896896,0.008497746239741,0.011357321094929,0.003818947561732,0.214109752804430
0.0621890547263682,0.000176318080372155,0.428183943584329,0.106920739061954,0.007260060395818,0.104440457434462,0.105680598248201,0.009740342023293,0.008500201209553,0.011361264980232,0.003820421269505,0.214091971792160
0.0632279534109817,0.000201214291220246,0.425331101402792,0.108029624109827,0.007431315902109,0.105495866754053,0.106762745431933,0.009965073257867,0.008698194579985,0.011680563917561,0.003939963941958,0.212665550701392
0.0632582322357019,0.000201981922286800,0.425248355981220,0.108061716754416,0.007436311375370,0.105526403002627,0.106794059878516,0.009971625127146,0.008703968251256,0.011689911301577,0.003943470336953,0.212624177990607
0.0642737896494157,0.000229189640656970,0.422486096400301,0.109130775617283,0.007603987374610,0.106543335256045,0.107837055436657,0.010191427735833,0.008897707555219,0.012004764462893,0.004061801960525,0.211243048200146
0.0643478260869565,0.000231287596359651,0.422285706830415,0.109208158522257,0.007616220522902,0.106616923897857,0.107912541210052,0.010207455147289,0.008911837835094,0.012027819057944,0.004070483560679,0.211142853415204
0.0653266331658291,0.000260570227732276,0.419648910213252,0.110224205589108,0.007778057198749,0.107582887662709,0.108903546625902,0.010419375125132,0.009098716161938,0.012333889840575,0.004185956475496,0.209824455106622
0.0654450261780105,0.000264313276635511,0.419331537451345,0.110346225551130,0.007797645140314,0.107698859988637,0.109022542769879,0.010445010702794,0.009121327921552,0.012371070613528,0.004200011134900,0.209665768725669
0.0663865546218487,0.000295710634191466,0.416819525204890,0.111309925280485,0.007953508023578,0.108614547992423,0.109962236636447,0.010648885311625,0.009301196667599,0.012667963497318,0.004312448782620,0.208409762602441
0.0665499124343257,0.000301462606373151,0.416385827995892,0.111475930477107,0.007980565654069,0.108772238334966,0.110124084406031,0.010684257796199,0.009332411725132,0.012719692479304,0.004332077133051,0.208192913997943
0.0674536256323777,0.000334995826244924,0.413997924488885,0.112387945170406,0.008130322776040,0.109638339539101,0.111013142354746,0.010879928407329,0.009505125591682,0.013007009100281,0.004441300326670,0.206998962244438
0.0676625659050967,0.000343175236637973,0.413448559502218,0.112597285019332,0.008164962819579,0.109837085141608,0.111217185080465,0.010925162697289,0.009545062758432,0.013073711425342,0.004466705804385,0.206724279751106
0.0685279187817259,0.000378843133465511,0.411184091954322,0.113458274932988,0.008308484676376,0.110654284849945,0.112056279891459,0.011112474759402,0.009710479717886,0.013351050534797,0.004572532705125,0.205592045977157
0.0687830687830688,0.00038992926377737,0.410519713925804,0.113710299944567,0.008350817740280,0.110893425730594,0.112301862837576,0.011167691954241,0.009759254847259,0.013433154477968,0.004603921578510,0.205259856962899
0.0696095076400679,0.000427704303958437,0.408378012293575,0.114520923407028,0.008487977254772,0.111662405701830,0.113091664554423,0.011346494959954,0.009917236107360,0.013700111901752,0.004706167671986,0.204189006146783
0.0699115044247788,0.000442243763909471,0.407599274173558,0.114814985029330,0.008538111888298,0.111941284511809,0.113378134770564,0.011411812405805,0.009974962147049,0.013798048916448,0.004743749070090,0.203799637086776
0.0706984667802385,0.000482067634480733,0.405579671030885,0.115575898563097,0.008668784369254,0.112662723075690,0.114119310819388,0.011581959856645,0.010125372112947,0.014054217514525,0.004842227141715,0.202789835515438
0.0710479573712256,0.000500681422791488,0.404687224139696,0.115911349019070,0.008726827126716,0.112980684951248,0.114446016985154,0.011657491194525,0.010192159160619,0.014168422269143,0.004886213083712,0.202343612069845
0.0717948717948718,0.00054246017391358,0.402789054553507,0.116623207468616,0.008850890224897,0.113655257129353,0.115139232298978,0.011818840564144,0.010334865394518,0.014413391895506,0.004980733193313,0.201394527276749
0.072192513368984,0.000565851258624907,0.401783548744660,0.116999399584733,0.008916945733550,0.114011649537216,0.115505524560969,0.011904695781054,0.010410820757300,0.014544302309100,0.005031338618919,0.200891774372327
0.0728987993138937,0.000609449997938641,0.400006150144962,0.117662856250729,0.009034279394403,0.114640027168657,0.116151441709687,0.012057108476460,0.010545693935429,0.014777659772153,0.005121708074529,0.200003075072477
0.073345259391771,0.000638411434959227,0.398888233976119,0.118079143276257,0.009108450427460,0.115034199744133,0.116556671510190,0.012153393959570,0.010630922193514,0.014925717049014,0.005179150875421,0.199444116988056
0.0740103270223752,0.000683648552379488,0.397230946020122,0.118694850056789,0.009218936840078,0.115617051616706,0.117155950836741,0.012296735280146,0.010757836060110,0.015147046072529,0.005265174206209,0.198615473010057
0.0745062836624776,0.000719072159924956,0.396001266933299,0.119150585473331,0.009301324395292,0.116048355994255,0.117599470733788,0.012403553874356,0.010852439134822,0.015312694735563,0.005329675258481,0.198000633466646
0.0751295336787565,0.000765713062057427,0.394463431362209,0.119719193012452,0.009404847937256,0.116586347981273,0.118152770496856,0.012537692968420,0.010971270452835,0.015521575920293,0.005411154186769,0.197231715681100
0.0756756756756757,0.000808598667517622,0.393122635872977,0.120213730332823,0.009495551321463,0.117054137616765,0.118633933974789,0.012655144037508,0.011075347679484,0.015705263842988,0.005482937384457,0.196561317936486
0.0762564991334489,0.000856349001551089,0.391703596362322,0.120735888177494,0.009591998499216,0.117547932820491,0.119141910498986,0.012779953856203,0.011185976177707,0.015901274629128,0.005559670796820,0.195851798181157
0.0768535262206148,0.000907814275903417,0.390252330259330,0.121268580733453,0.009691115419296,0.118051562804862,0.119660071769153,0.012908133347874,0.011299624383583,0.016103453065959,0.005638963086543,0.195126165129662
0.0773913043478261,0.000956312623796784,0.388951432260704,0.121744937499051,0.009780374803626,0.118501821706564,0.120123379602801,0.013023490596098,0.011401932699859,0.016286167696534,0.005710747003909,0.194475716130348
0.0780399274047187,0.00101760351679444,0.387390340815575,0.122315138217076,0.009888001464302,0.119040648570206,0.120677893393637,0.013162491111159,0.011525246287728,0.016507291311596,0.005797778420652,0.193695170407785
0.0785340314136126,0.00106641354166654,0.386206931390573,0.122746341762544,0.009969963620552,0.119448029187760,0.121097185475145,0.013268276195320,0.011619119907934,0.016676280796976,0.005864405967407,0.193103465695282
0.0792349726775956,0.00113891532935183,0.384536659578926,0.123353402926946,0.010086194829487,0.120021410695155,0.121687406811046,0.013418187061266,0.011752190945374,0.016916807690639,0.005959409671482,0.192268329789460
