# Three-point probabilities for autosomes in 4-way RILs by sibling mating
# Note that these are for the minimal set of states.
# These are for the case of no crossover interference.
#
#
rf,coi,AAA,AAB,ABA,AAC,ACA,ABC,ACB
1.62100826714216e-05,1,0.999805511059493,0.000064825828563,0.000000002416620,0.000129649976122,0.000000006514275,0.000000003362674,0.000000000840823
3.24233188509176e-05,1,0.999611048384614,0.000129635267675,0.000000009665287,0.000259263812678,0.000000026053270,0.000000013451153,0.000000003364230
6.48592554157478e-05,1,0.999222201801953,0.000259204991762,0.000000038650780,0.000518383104145,0.000000104180991,0.000000053805777,0.000000013463183
0.000129769011160135,1,0.998444823520549,0.000518147928484,0.000000154519541,0.001036188430073,0.000000416466218,0.000000215230270,0.000000053901635
0.000259740259740260,1,0.996891324997518,0.001035248596826,0.000000617410499,0.002070068209360,0.000001663805316,0.000000860978726,0.000000215997209
0.0004995004995005,1,0.994036272696186,0.001984312005010,0.000002272254448,0.003967046981471,0.000006121537533,0.000003175356550,0.000000799163984
0.000520291363163372,1,0.993789348187545,0.002066315796165,0.000002464311370,0.004130921434744,0.000006638780437,0.000003444375636,0.000000867109007
0.00104384133611691,1,0.987605380863118,0.004115966693267,0.000009814810792,0.008225138794106,0.000026424214202,0.000013781274084,0.000003493340824
0.00157068062827225,1,0.981447883667507,0.006149072775275,0.000021988481701,0.012282960713328,0.000059161800599,0.000031016646892,0.000007915904833
0.00210084033613445,1,0.975316645721034,0.008165752063053,0.000038923142404,0.016304690928142,0.000104659482916,0.000055156833707,0.000014171817866
0.00263435194942044,1,0.969211459565763,0.010166120550281,0.000060557432164,0.020290628360400,0.000162727604792,0.000086208562251,0.000022297911069
0.00317124735729387,1,0.963132121108596,0.012150292235861,0.000086830796269,0.024241067198242,0.000233178866110,0.000124178944461,0.000032330835545
0.00371155885471898,1,0.957078429566308,0.014118379155173,0.000117683471206,0.028156296973470,0.000315828279202,0.000169075471785,0.000044307067484
0.00425531914893617,1,0.951050187410069,0.016070491412115,0.000153056470890,0.032036602639112,0.000410493126841,0.000220906012456,0.000058262913659
0.0048025613660619,1,0.945047200313878,0.018006737209608,0.000192891572712,0.035882264644129,0.000516992920468,0.000279678807836,0.000074234516364
0.00535331905781585,1,0.939069277101184,0.019927222880142,0.000237131304304,0.039693559008577,0.000635149360314,0.000345402470475,0.000092257859383
0.00590762620837809,1,0.933116229695712,0.021832052914917,0.000285718930143,0.043470757394865,0.000764786295312,0.000418085980348,0.000112368772722
0.00646551724137931,1,0.927187873069871,0.023721329992687,0.000338598438663,0.047214127178466,0.000905729684268,0.000497738682014,0.000134602937569
0.00702702702702703,1,0.921284025197969,0.025595155007956,0.000395714529461,0.050923931517098,0.001057807557713,0.000584370281597,0.000158995891412
0.00759219088937093,1,0.915404507006994,0.027453627098653,0.000457012601041,0.054600429418598,0.001220849980729,0.000677990844409,0.000185583032861
0.00816104461371056,1,0.909549142330717,0.029296843673042,0.000522438738563,0.058243875806892,0.001394689016211,0.000778610791845,0.000214399626316
0.00873362445414847,1,0.903717757864050,0.031124900436148,0.000591939701941,0.061854521586924,0.001579158689194,0.000886240898941,0.000245480806767
0.00930996714129244,1,0.897910183118751,0.032937891415683,0.000665462914164,0.065432613708078,0.001774094951551,0.001000892291657,0.000278861584166
0.0098901098901099,1,0.892126250378687,0.034735908987392,0.000742956449985,0.068978395226690,0.001979335648000,0.001122576444934,0.000314576848401
0.0104740904079383,1,0.886365794657587,0.036519043899743,0.000824369024638,0.072492105366530,0.002194720482178,0.001251305179903,0.000352661373458
0.0110619469026549,1,0.880628653657385,0.038287385298185,0.000909649982888,0.075973979578456,0.002420090983632,0.001387090661574,0.000393149821825
0.01165371809101,1,0.874914667726575,0.040041020748906,0.000998749288280,0.079424249598759,0.002655290475533,0.001529945396626,0.000436076748790
0.0122494432071269,1,0.869223679821359,0.041780036262143,0.001091617512681,0.082843143506517,0.002900164043072,0.001679882231406,0.000481476606812
0.0128491620111732,1,0.863555535463774,0.043504516314673,0.001188205825836,0.086230885778895,0.003154558502052,0.001836914349246,0.000529383749384
0.0134529147982063,1,0.857910082706058,0.045214543872385,0.001288465985427,0.089587697346647,0.003418322368887,0.002001055269099,0.000579832435470
0.0140607424071991,1,0.852287172090886,0.046910200411872,0.001392350327065,0.092913795647298,0.003691305830469,0.002172318843111,0.000632856833315
0.0146726862302483,1,0.846686656615756,0.048591565941849,0.001499811754645,0.096209394677858,0.003973360715049,0.002350719254824,0.000688491024468
0.0152887882219706,1,0.841108391695523,0.050258719023983,0.001610803730784,0.099474705046041,0.004264340463399,0.002536271017096,0.000746769007563
0.0159090909090909,1,0.835552235128495,0.051911736793455,0.001725280267623,0.102709934021063,0.004564100101047,0.002728988970817,0.000807724702467
0.0165336374002281,1,0.830018047059958,0.053550694978805,0.001843195917536,0.105915285582392,0.004872496210227,0.002928888282321,0.000871391953536
0.017162471395881,1,0.824505689950348,0.055175667921752,0.001964505764336,0.109090960468729,0.005189386903368,0.003135984442476,0.000937804533835
0.0177956371986223,1,0.819015028540183,0.056786728596201,0.002089165414420,0.112237156224830,0.005514631796320,0.003350293264546,0.001006996148476
0.0184331797235023,1,0.813545929817964,0.058383948627116,0.002217130988206,0.115354067248110,0.005848091982442,0.003571830882764,0.001079000438313
0.0190751445086705,1,0.808098262988991,0.059967398308939,0.002348359111695,0.118441884833985,0.006189630007183,0.003800613750620,0.001153850983359
0.0197215777262181,1,0.802671899443520,0.061537146623609,0.002482806908257,0.121500797220492,0.006539109843162,0.004036658639634,0.001231581306447
0.0203725261932480,1,0.797266712725691,0.063093261258097,0.002620431990458,0.124530989631539,0.006896396865512,0.004279982637498,0.001312224876409
0.0210280373831776,1,0.791882578504574,0.064635808621840,0.002761192452210,0.127532644319916,0.007261357828095,0.004530603146966,0.001395815111605
0.0216881594372802,1,0.786519374544213,0.066164853863570,0.002905046860972,0.130505940609092,0.007633860839912,0.004788537884450,0.001482385383194
0.0223529411764706,1,0.781176980674723,0.067680460887893,0.003051954250112,0.133451054933931,0.008013775342001,0.005053804878596,0.001571969018362
0.0230224321133412,1,0.775855278764270,0.069182692371495,0.003201874111459,0.136368160880991,0.008400972084815,0.005326422469013,0.001664599303503
0.023696682464455,1,0.770554152691914,0.070671609779090,0.003354766387972,0.139257429227914,0.008795323106124,0.005606409305156,0.001760309487446
0.0243757431629013,1,0.765273488320134,0.072147273378913,0.003510591466552,0.142119027981738,0.009196701709100,0.005893784344873,0.001859132784392
0.0250596658711217,1,0.760013173468153,0.073609742257977,0.003669310171038,0.144953122416752,0.009604982441197,0.006188566853542,0.001961102377175
0.0257485029940120,1,0.754773097886195,0.075059074336983,0.003830883755294,0.147759875111392,0.010020041073093,0.006490776402753,0.002066251420096
0.0264423076923077,1,0.749553153230726,0.076495326384976,0.003995273896427,0.150539445984538,0.010441754578201,0.006800432869192,0.002174613041892
0.0271411338962606,1,0.744353233038265,0.077918554033568,0.004162442688200,0.153291992330819,0.010870001112634,0.007117556433737,0.002286220348714
0.0278450363196126,1,0.739173232702121,0.079328811791021,0.004332352634520,0.156017668855560,0.011304659995452,0.007442167580357,0.002401106426939
0.0285540704738761,1,0.734013049448149,0.080726153055955,0.004504966643067,0.158716627708653,0.011745611689296,0.007774287095034,0.002519304345892
0.0292682926829268,1,0.728872582311051,0.082110630130743,0.004680248019061,0.161389018518003,0.012192737781516,0.008113936064974,0.002640847160751
0.0299877600979192,1,0.723751732112093,0.083482294234731,0.004858160459156,0.164034988422175,0.012645920965532,0.008461135877582,0.002765767915158
0.0307125307125307,1,0.718650401435808,0.084841195517029,0.005038668045418,0.166654682102253,0.013105045022569,0.008815908219472,0.002894099643846
0.031442663378545,1,0.713568494609459,0.086187383069816,0.005221735239897,0.169248241814633,0.013569994804803,0.009178275077486,0.003025875376260
0.0321782178217822,1,0.708505917678606,0.087520904937815,0.005407326876806,0.171815807415674,0.014040656213484,0.009548258729327,0.003161128134705
0.0329192546583851,1,0.703462578390556,0.088841808135982,0.005595408160975,0.174357516403517,0.014516916190323,0.009925881759524,0.003299890945553
0.0336658354114713,1,0.698438386169507,0.090150138655827,0.005785944658237,0.176873503935875,0.014998662692171,0.010311167041881,0.003442196833068
0.0344180225281602,1,0.693433252098486,0.091445941480213,0.005978902292411,0.179363902865715,0.015485784679539,0.010704137748567,0.003588078826943
0.0351758793969849,1,0.688447088897989,0.092729260591771,0.006174247337785,0.181828843763214,0.015978172095818,0.011104817340279,0.003737569959992
0.0359394703656999,1,0.683479810909027,0.094000138988902,0.006371946417545,0.184268454953797,0.016475715859022,0.011513229580318,0.003890703278168
0.0367088607594937,1,0.678531334071965,0.095258618691812,0.006571966495053,0.186682862534910,0.016978307838733,0.011929398519095,0.004047511835208
0.0374841168996188,1,0.673601575908671,0.096504740755557,0.006774274870681,0.189072190407721,0.017485840844669,0.012353348500806,0.004208028698721
0.038265306122449,1,0.668690455504264,0.097738545280044,0.006978839176556,0.191436560302042,0.017998208611077,0.012785104161288,0.004372286951640
0.0390524967989757,1,0.663797893489244,0.098960071420222,0.007185627371786,0.193776091801793,0.018515305782137,0.013224690427344,0.004540319694367
0.0398457583547558,1,0.658923812022219,0.100169357396161,0.007394607737780,0.196090902370050,0.019037027897742,0.013672132516128,0.004712160046948
0.0406451612903226,1,0.654068134772657,0.101366440503180,0.007605748873951,0.198381107374134,0.019563271380095,0.014127455935646,0.004887841151734
0.0414507772020725,1,0.649230786903012,0.102551357119354,0.007819019691787,0.200646820105143,0.020093933517058,0.014590686478348,0.005067396172417
0.0422626788036411,1,0.644411695055562,0.103724142719275,0.008034389413350,0.202888151810420,0.020628912454751,0.015061850232033,0.005250858301976
0.0430809399477807,1,0.639610787332345,0.104884831878736,0.008251827564091,0.205105211707084,0.021168107178503,0.015540973567767,0.005438260758709
0.0439056356487549,1,0.634827993282818,0.106033458286593,0.008471303970367,0.207298107010304,0.021711417503566,0.016028083146010,0.005629636791593
0.0447368421052632,1,0.630063243885133,0.107170054750772,0.008692788753730,0.209466942949558,0.022258744059373,0.016523205909870,0.005825019678969
0.0455746367239102,1,0.625316471535154,0.108294653211273,0.008916252329504,0.211611822798952,0.022809988282520,0.017026369094520,0.006024442735494
0.0464190981432361,1,0.620587610028402,0.109407284744355,0.009141665400279,0.213732847889565,0.023365052399620,0.017537600216608,0.006227939308765
0.0472703062583223,1,0.615876594546866,0.110507979572852,0.009368998953358,0.215830117634152,0.023923839418193,0.018056927078661,0.006435542783584
0.0481283422459893,1,0.611183361645010,0.111596767073906,0.009598224256749,0.217903729546470,0.024486253114757,0.018584377767502,0.006647286583109
0.0489932885906040,1,0.606507849236244,0.112673675786918,0.009829312855514,0.219953779261064,0.025052198023712,0.019119980653672,0.006863204170479
0.0498652291105121,1,0.601849996578667,0.113738733421154,0.010062236568182,0.221980360552155,0.025621579426438,0.019663764390814,0.007083329050357
0.050744248985115,1,0.597209744262557,0.114791966863823,0.010296967483477,0.223983565353405,0.026194303341137,0.020215757915880,0.007307694770845
0.0516304347826087,1,0.592587034196375,0.115833402185481,0.010533477955861,0.225963483772190,0.026770276510405,0.020775990444525,0.007536334922906
0.0525238744884038,1,0.587981809596742,0.116863064651312,0.010771740604325,0.227920204115800,0.027349406395392,0.021344491478493,0.007769283145857
0.0534246575342466,1,0.583394014972991,0.117880978724134,0.011011728307036,0.229853812900497,0.027931601161763,0.021921290796975,0.008006573124626
0.0543328748280605,1,0.578823596117407,0.118887168073851,0.011253414199445,0.231764394873846,0.028516769672669,0.022506418460665,0.008248238593435
0.0552486187845304,1,0.574270500091227,0.119881655581755,0.011496771670035,0.233652033026327,0.029104821477166,0.023099904806771,0.008494313334823
0.0561719833564494,1,0.569734675216509,0.120864463351269,0.011741774359272,0.235516808615980,0.029695666805017,0.023701780455456,0.008744831184479
0.0571030640668524,1,0.565216071061950,0.121835612710441,0.011988396154775,0.237358801176197,0.030289216554153,0.024312076302015,0.008999826028695
0.058041958041958,1,0.560714638432588,0.122795124220139,0.012236611189438,0.239178088535017,0.030885382284059,0.024930823519677,0.009259331807234
0.0589887640449438,1,0.556230329360069,0.123743017680117,0.012486393838525,0.240974746829940,0.031484076207250,0.025558053558223,0.009523382513997
0.0599435825105783,1,0.551763097091418,0.124679312134948,0.012737718716998,0.242748850522511,0.032085211181293,0.026193798143154,0.009792012197915
0.0609065155807366,1,0.547312896078708,0.125604025879953,0.012990560676938,0.244500472412602,0.032688700701114,0.026838089274925,0.010065254963829
0.0618776671408251,1,0.542879681970474,0.126517176467692,0.013244894805250,0.246229683653820,0.033294458891996,0.027490959228772,0.010343144973619
0.0628571428571429,1,0.538463411598540,0.127418780711001,0.013500696420308,0.247936553761957,0.033902400500611,0.028152440550550,0.010625716445263
0.063845050215208,1,0.534064042974173,0.128308854693535,0.013757941071479,0.249621150638244,0.034512440891722,0.028822566062395,0.010913003656802
0.0648414985590778,1,0.529681535273650,0.129187413770315,0.014016604535027,0.251283540572553,0.035124496038038,0.029501368855231,0.011205040943607
0.0658465991316932,1,0.525315848832266,0.130054472576011,0.014276662813047,0.252923788261985,0.035738482516014,0.030188882291707,0.011501862700868
0.0668604651162791,1,0.520966945132920,0.130910045027179,0.014538092130281,0.254541956817108,0.036354317497722,0.030885140001268,0.011803503382041
0.0678832116788321,1,0.516634786802044,0.131754144332246,0.014800868933948,0.256138107783765,0.036971918748526,0.031590175885564,0.012109997502455
0.0689149560117302,1,0.512319337596758,0.132586782991587,0.015064969889986,0.257712301144865,0.037591204618174,0.032304024110837,0.012421379636306
0.0699558173784978,1,0.508020562399284,0.133407972804854,0.015330371882139,0.259264595336559,0.038212094037318,0.033026719109969,0.012737684418452
0.0710059171597633,1,0.503738427208340,0.134217724875209,0.015597052010009,0.260795047258073,0.038834506512256,0.033758295580574,0.013058946544156
0.0720653789004458,1,0.499472899131878,0.135016049614001,0.015864987587401,0.262303712282368,0.039458362120328,0.034498788483705,0.013385200769077
0.073134328358209,1,0.495223946379327,0.135802956745285,0.016134156140731,0.263790644266301,0.040083581505617,0.035248233042479,0.013716481909151
0.0742128935532234,1,0.490991538254578,0.136578455310265,0.016404535407541,0.265255895560526,0.040710085874952,0.036006664740660,0.014052824840395
0.0753012048192771,1,0.486775645149565,0.137342553671665,0.016676103335035,0.266699517019216,0.041337796994064,0.036774119320876,0.014394264498429
0.0763993948562784,1,0.482576238536476,0.138095259517981,0.016948838078881,0.268121558009042,0.041966637184537,0.037550632783568,0.014740835878383
0.0775075987841945,1,0.478393290962014,0.138836579867558,0.017222718001848,0.269522066418287,0.042596529320405,0.038336241384739,0.015092574034003
0.0786259541984733,1,0.474226776041069,0.139566521072990,0.017497721672827,0.270901088665727,0.043227396825765,0.039130981634791,0.015449514077333
0.0797546012269939,1,0.470076668449625,0.140285088823839,0.017773827865313,0.272258669706763,0.043859163671430,0.039934890294931,0.015811691177054
0.0808936825885978,1,0.465942943920664,0.140992288152873,0.018051015557351,0.273594853045645,0.044491754374705,0.040748004378525,0.016179140559255
0.0820433436532508,1,0.461825579236805,0.141688123437561,0.018329263929780,0.274909680738730,0.045125093995836,0.041570361145697,0.016551897504703
0.083203732503888,1,0.457724552225496,0.142372598404892,0.018608552365909,0.276203193403902,0.045759108137586,0.042401998102793,0.016929997348503
0.084375,1,0.453639841753972,0.143045716134896,0.018888860450781,0.277475430227155,0.046393722944075,0.043242952999787,0.017313475478627
0.0855572998430141,1,0.449571427723546,0.143707479064004,0.019170167970580,0.278726428968909,0.047028865100134,0.044093263827786,0.017702367334397
0.0867507886435331,1,0.445519291065319,0.144357888988724,0.019452454912196,0.279956225970613,0.047664461831118,0.044952968816527,0.018096708404891
0.0879556259904913,1,0.441483413735473,0.144996947069445,0.019735701463055,0.281164856161344,0.048300440903463,0.045822106432434,0.018496534227525
0.089171974522293,1,0.437463778709704,0.145624653831356,0.020019888009852,0.282352353059001,0.048936730623295,0.046700715371948,0.018901880384168
0.0904,1,0.433460369981366,0.146241009172587,0.020304995140460,0.283518748784583,0.049573259841396,0.047588834566229,0.019312782502864
0.0916398713826367,1,0.429473172554708,0.146846012362463,0.020591003641834,0.284664074057841,0.050209957950647,0.048486503170280,0.019729276251638
0.092891760904685,1,0.425502172443189,0.147439662047868,0.020877894501405,0.285788358207914,0.050846754890444,0.049393760564514,0.020151397338422
0.0941558441558442,1,0.421547356663232,0.148021956252630,0.021165648905777,0.286891629170576,0.051483581146116,0.050310646345636,0.020579181505524
0.0954323001631321,1,0.417608713234617,0.148592892386678,0.021454248243620,0.287973913503742,0.052120367756735,0.051237200332598,0.021012664531538
0.0967213114754098,1,0.413686231173658,0.149152467242977,0.021743674103565,0.289035236379502,0.052757046313461,0.052173462553141,0.021451882223389
0.0980230642504119,1,0.409779900491717,0.149700677003345,0.022033908276041,0.290075621592835,0.053393548965826,0.053119473244486,0.021896870415357
0.0993377483443709,1,0.405889712192471,0.150237517240931,0.022324932753761,0.291095091563636,0.054029808425629,0.054075272848143,0.022347664965006
0.100665557404326,1,0.402015658268935,0.150762982922844,0.022616729732545,0.292093667338851,0.054665757971790,0.055040902005378,0.022804301749325
0.102006688963211,1,0.398157731701049,0.151277068412980,0.022909281612308,0.293071368594603,0.055301331455833,0.056016401552449,0.023266816660602
0.103361344537815,1,0.394315926453613,0.151779767474745,0.023202570998191,0.294028213637872,0.055936463307917,0.057001812515609,0.023735245602035
0.104729729729730,1,0.390490237473983,0.152271073273773,0.023496580701843,0.294964219407607,0.056571088543491,0.057997176105934,0.024209624483049
0.106112054329372,1,0.386680660691269,0.152750978380716,0.023791293742887,0.295879401476402,0.057205142770668,0.059002533713674,0.024689989214373
0.107508532423208,1,0.382887193013084,0.153219474773455,0.024086693350437,0.296773774049677,0.057838562197988,0.060017926902443,0.025176375702652
0.108919382504288,1,0.379109832326452,0.153676553841124,0.024382762965335,0.297647349968718,0.058471283644014,0.061043397404675,0.025668819845648
0.110344827586207,1,0.375348577492968,0.154122206381996,0.024679486240148,0.298500140701322,0.059103244542842,0.062078987107884,0.026167357522658
0.111785095320624,1,0.371603428353486,0.154556422614686,0.024976847045022,0.299332156357718,0.059734382961572,0.063124738062173,0.026672024595313
0.113240418118467,1,0.367874385722194,0.154979192172192,0.025274829466268,0.300143405672939,0.060364637603855,0.064180692458907,0.027182856893785
0.114711033274956,1,0.364161451388756,0.155390504108628,0.025573417810707,0.300933896013363,0.060993947825198,0.065246892630288,0.027699890213244
0.116197183098592,1,0.360464628117677,0.155790346900968,0.025872596607988,0.301703633373033,0.061622253644756,0.066323381040064,0.028223160305635
0.117699115044248,1,0.356783919648325,0.156178708451460,0.026172350613492,0.302452622371057,0.062249495758718,0.067410200275217,0.028752702871737
0.119217081850534,1,0.353119330695234,0.156555576090223,0.026472664811455,0.303180866248610,0.062875615554617,0.068507393037263,0.029288553552771
0.120751341681574,1,0.349470866948818,0.156920936578469,0.026773524418695,0.303888366866789,0.063500555127358,0.069615002134582,0.029830747922297
0.122302158273381,1,0.345838535074166,0.157274776106725,0.027074914886132,0.304575124694176,0.064124257291411,0.070733070464803,0.030379321472815
0.123869801084991,1,0.342222342716709,0.157617080306234,0.027376821906786,0.305241138819557,0.064746665606350,0.071861641020681,0.030934309613937
0.125454545454545,1,0.338622298498733,0.157947834242510,0.027679231415670,0.305886406929229,0.065367724387002,0.073000756863338,0.031495747653819
0.127056672760511,1,0.335038412023835,0.158267022423326,0.027982129596665,0.306510925311829,0.065987378727982,0.074150461120705,0.032063670793013
0.128676470588235,1,0.331470693876093,0.158574628795807,0.028285502884561,0.307114688841291,0.066605574519314,0.075310796965689,0.032638114107733
0.130314232902033,1,0.327919155626640,0.158870636758128,0.028589337974319,0.307697690987740,0.067222258477044,0.076481807620504,0.033219112546034
0.131970260223048,1,0.324383809831819,0.159155029153190,0.028893621821974,0.308259923792213,0.067837378158000,0.077663536326815,0.033806700906362
0.133644859813084,1,0.320864670038127,0.159427788275734,0.029198341652341,0.308801377867241,0.068450881988783,0.078856026340297,0.034400913828076
0.135338345864662,1,0.317361750784586,0.159688895874100,0.029503484964456,0.309322042385921,0.069062719291052,0.080059320914396,0.035001785776109
0.137051039697543,1,0.313875067606543,0.159938333153165,0.029809039537859,0.309821905072637,0.069672840309268,0.081273463285150,0.035609351025780
0.138783269961977,1,0.310404637039507,0.160176080777235,0.030114993439198,0.310300952192691,0.070281196240042,0.082498496655104,0.036223643646714
0.140535372848948,1,0.306950476623289,0.160402118873739,0.030421335029678,0.310759168542714,0.070887739263942,0.083734464178123,0.036844697486755
0.142307692307692,1,0.303512604904135,0.160616427031331,0.030728052970139,0.311196537429131,0.071492422573673,0.084981408932478,0.037472546149525
0.144100580270793,1,0.300091041445241,0.160818984313100,0.031035136233639,0.311613040675275,0.072095200418072,0.086239373920440,0.038107222984806
0.145914396887160,1,0.296685806825996,0.161009769249437,0.031342574108997,0.312008658587421,0.072696028129280,0.087508402030101,0.038748761059384
0.147749510763209,1,0.293296922650926,0.161188759846526,0.031650356211971,0.312383369950649,0.073294862166174,0.088788536023813,0.039397193140777
0.149606299212598,1,0.289924411554809,0.161355933588479,0.031958472494034,0.312737152010715,0.073891660154151,0.090079818514378,0.040052551674129
0.151485148514852,1,0.286568297209769,0.161511267441137,0.032266913252239,0.313069980458123,0.074486380928467,0.091382291942030,0.040714868759001
0.153386454183267,1,0.283228604331777,0.161654737855234,0.032575669139540,0.313381829409788,0.075078984579601,0.092695998549975,0.041384176124707
0.155310621242485,1,0.279905358688615,0.161786320770491,0.032884731175811,0.313672671390909,0.075669432501535,0.094020980358894,0.042060505104472
0.157258064516129,1,0.276598587107583,0.161905991619181,0.033194090759409,0.313942477314568,0.076257687442487,0.095357279139807,0.042743886608054
0.159229208924949,1,0.273308317484086,0.162013725330154,0.033503739679410,0.314191216460474,0.076843713558534,0.096704936385498,0.043434351092875
0.161224489795918,1,0.270034578791221,0.162109496333244,0.033813670128639,0.314418856453188,0.077427476470476,0.098063993280673,0.044131928533724
0.163244353182751,1,0.266777401089266,0.162193278563734,0.034123874717516,0.314625363238400,0.078008943323938,0.099434490670889,0.044836648390977
0.165289256198347,1,0.263536815535212,0.162265045464715,0.034434346487455,0.314810701053720,0.078588082850534,0.100816469024961,0.045548539574657
0.167359667359667,1,0.260312854395921,0.162324769996318,0.034745078928401,0.314974832410404,0.079164865438940,0.102209968408072,0.046267630412956
0.169456066945607,1,0.257105551057907,0.162372424636126,0.035056065992819,0.315117718056595,0.079739263201188,0.103615028436142,0.046993948610279
0.171578947368421,1,0.253914940040658,0.162407981386335,0.035367302113893,0.315239316951124,0.080311250049268,0.105031688240490,0.047727521209509
0.173728813559322,1,0.250741057009579,0.162431411778720,0.035678782223453,0.315339586230725,0.080880801773490,0.106459986425687,0.048468374549533
0.17590618336887,1,0.247583938790688,0.162442686880246,0.035990501771189,0.315418481176904,0.081447896125824,0.107899961025361,0.049216534220936
0.178111587982833,1,0.244443623385096,0.162441777298822,0.036302456744923,0.315475955179550,0.082012512907827,0.109351649456024,0.049972025019001
0.180345572354212,1,0.241320149985057,0.162428653189291,0.036614643692126,0.315511959699050,0.082574634063659,0.110815088467811,0.050734870894183
0.182608695652174,1,0.238213558991068,0.162403284259882,0.036927059742717,0.315526444226463,0.083134243778591,0.112290314092746,0.051505094899775
0.184901531728665,1,0.235123892029554,0.162365639778655,0.037239702633179,0.315519356240578,0.083691328582977,0.113777361589697,0.052282719136520
0.187224669603524,1,0.232051191972350,0.162315688580658,0.037552570732192,0.315490641163085,0.084245877462495,0.115276265386417,0.053067764694133
0.189578713968958,1,0.228995502956985,0.162253399075648,0.037865663068115,0.315440242311992,0.084797881975370,0.116787059019367,0.053860251590100
0.191964285714286,1,0.225956870406545,0.162178739251884,0.038178979355882,0.315368100843421,0.085347336371994,0.118309775061201,0.054660198700470
0.19438202247191,1,0.222935341056566,0.162091676691904,0.038492520031444,0.315274155713286,0.085894237733288,0.119844445066735,0.055467623698152
0.196832579185520,1,0.219930962975366,0.161992178572814,0.038806286280344,0.315158343604736,0.086438586101438,0.121391099484717,0.056282542971976
0.199316628701595,1,0.216943785592358,0.161880211679418,0.039120280074445,0.315020598876662,0.086980384630975,0.122949767588968,0.057104971553444
0.201834862385321,1,0.213973859723582,0.161755742409478,0.039434504206697,0.314860853491649,0.087519639740584,0.124520477388748,0.057934923030764
0.204387990762125,1,0.211021237604442,0.161618736789005,0.039748962333163,0.314679036960288,0.088056361283930,0.126103255552948,0.058772409467655
0.206976744186047,1,0.208085972917747,0.161469160476127,0.040063659011487,0.314475076256461,0.088590562718639,0.127698127305842,0.059617441305070
0.2096018735363,1,0.205168120829152,0.161306978775055,0.040378599747028,0.314248895748218,0.089122261295793,0.129305116335946,0.060470027267098
0.212264150943396,1,0.202267738020145,0.161132156641730,0.040693791037483,0.314000417106205,0.089651478252099,0.130924244681699,0.061330174252269
0.214964370546318,1,0.199384882730378,0.160944658703504,0.041009240427367,0.313729559233805,0.090178239027831,0.132555532636803,0.062197887231838
0.217703349282297,1,0.196519614794057,0.160744449262121,0.041324956557314,0.313436238157950,0.090702573480797,0.134198998615063,0.063073169124424
0.220481927710843,1,0.193671995685478,0.160531492310498,0.041640949223784,0.313120366940533,0.091224516127937,0.135854659034116,0.063956020676895
0.223300970873786,1,0.190842088562635,0.160305751539819,0.041957229437391,0.312781855562909,0.091744106391405,0.137522528170514,0.064846440326929
0.226161369193154,1,0.188029958321588,0.160067190361550,0.042273809492932,0.312420610833195,0.092261388875677,0.139202618034389,0.065744424072271
0.229064039408867,1,0.185235671644673,0.159815771911813,0.042590703034734,0.312036536249295,0.092776413643638,0.140894938199617,0.066649965312716
0.232009925558313,1,0.182459297058406,0.159551459067337,0.042907925132752,0.311629531877290,0.093289236522792,0.142599495645588,0.067563054694172
0.235,1,0.179700904994750,0.159274214460675,0.043225492363144,0.311199494217787,0.093799919429728,0.144316294584978,0.068483679940752
0.238035264483627,1,0.176960567857604,0.158984000496551,0.043543422895307,0.310746316066193,0.094308530717401,0.146045336281470,0.069411825677323
0.241116751269035,1,0.174238360089603,0.158680779361368,0.043861736581473,0.310269886347444,0.094815145538129,0.147786618841049,0.070347473232918
0.244245524296675,1,0.171534358249565,0.158364513042537,0.044180455057934,0.309770089959828,0.095319846240959,0.149540137007153,0.071290600441023
0.247422680412371,1,0.168848641090595,0.158035163338477,0.044499601848918,0.309246807588208,0.095822722786481,0.151305881922408,0.072241181416870
0.250649350649351,1,0.166181289651725,0.157692691883777,0.044819202486037,0.308699915534176,0.096323873205328,0.153083840903071,0.073199186334902
0.253926701570681,1,0.163532387344583,0.157337060151251,0.045139284625024,0.308129285487352,0.096823404065095,0.154873997150774,0.074164581167850
0.257255936675462,1,0.160902020061417,0.156968229481810,0.045459878185924,0.307534784336917,0.097321430998469,0.156676329498740,0.075137327436085
0.260638297872340,1,0.158290276276192,0.156586161085272,0.045781015489386,0.306916273909959,0.097818079239257,0.158490812081352,0.076117381910413
0.264075067024129,1,0.155697247169713,0.156190816070319,0.046102731419153,0.306273610751687,0.098313484227119,0.160317414037144,0.077104696324158
0.267567567567568,1,0.153123026748702,0.155782155444910,0.046425063582641,0.305606645828608,0.098807792226345,0.162156099131796,0.078099217035355
0.271117166212534,1,0.150567711988731,0.155360140141355,0.046748052497860,0.304915224262364,0.099301161015962,0.164006825401828,0.079100884690812
0.274725274725275,1,0.148031402979078,0.154924731022991,0.047071741786790,0.304199185006423,0.099793760613004,0.165869544735622,0.080109633848077
0.278393351800554,1,0.145514203086415,0.154475888901487,0.047396178391375,0.303458360523244,0.100285774062387,0.167744202444663,0.081125392582495
0.282122905027933,1,0.143016219126236,0.154013574541979,0.047721412802341,0.302692576413080,0.100777398275438,0.169630736778926,0.082148082054067
0.285915492957746,1,0.140537561554609,0.153537748676299,0.048047499313302,0.301901651035562,0.101268844943494,0.171529078422919,0.083177616053006
0.289772727272727,1,0.138078344671435,0.153048372004211,0.048374496292201,0.301085395080364,0.101760341512338,0.173439149930310,0.084213900501170
0.293696275071633,1,0.135638686849038,0.152545405206162,0.048702466484585,0.300243611133101,0.102252132248261,0.175360865140247,0.085256832930566
0.297687861271676,1,0.133218710771798,0.152028808934692,0.049031477335081,0.299376093169081,0.102744479370383,0.177294128507436,0.086306301903583
0.301749271137026,1,0.130818543705112,0.151498543816103,0.049361601346252,0.298482626034869,0.103237664289767,0.179238834404044,0.087362186403413
0.305882352941176,1,0.128438317783144,0.150954570436209,0.049692916465378,0.297562984864726,0.103731988938343,0.181194866338632,0.088424355165500
0.310089020771513,1,0.126078170331812,0.150396849335558,0.050025506516085,0.296616934479152,0.104227777224001,0.183162096135631,0.089492665971893
0.31437125748503,1,0.123738244211103,0.149825340977748,0.050359461661389,0.295644228690671,0.104725376587465,0.185140383001861,0.090566964868578
0.318731117824774,1,0.121418688198487,0.149240005723726,0.050694878919833,0.294644609580110,0.105225159706897,0.187129572535802,0.091647085334312
0.323170731707317,1,0.119119657406889,0.148640803792335,0.051031862731158,0.293617806701016,0.105727526345858,0.189129495637743,0.092732847377076
0.327692307692308,1,0.116841313744989,0.148027695210672,0.051370525580038,0.292563536216544,0.106232905364753,0.191139967318412,0.093824056556847
0.332298136645963,1,0.114583826419461,0.147400639743848,0.051710988680630,0.291481499944424,0.106741756904427,0.193160785380757,0.094920502918778
0.336990595611285,1,0.112347372493375,0.146759596817856,0.052053382737712,0.290371384334267,0.107254574776751,0.195191728990968,0.096021959844807
0.341772151898734,1,0.110132137497937,0.146104525416096,0.052397848785071,0.289232859335216,0.107771889067039,0.197232557093055,0.097128182798065
0.346645367412141,1,0.107938316112208,0.145435383961524,0.052744539118682,0.288065577173136,0.108294268987121,0.199283006678988,0.098238907964605
0.351612903225807,1,0.105766112908725,0.144752130161088,0.053093618326722,0.286869170988509,0.108822325987027,0.201342790858100,0.099353850762247
0.356677524429967,1,0.103615743187217,0.144054720834291,0.053445264442381,0.285643253371986,0.109356717181248,0.203411596753786,0.100472704228675
0.361842105263158,1,0.101487433889485,0.143343111687718,0.053799670218692,0.284387414720393,0.109898149092324,0.205489083140970,0.101595137243005
0.367109634551495,1,0.099381424627931,0.142617257069542,0.054157044562336,0.283101221473836,0.110447381789765,0.207574877870694,0.102720792602792
0.37248322147651,1,0.097297968816800,0.141877109651062,0.054517614123943,0.281784214125624,0.111005233424255,0.209668574963729,0.103849284893670
0.377966101694915,1,0.095237334943218,0.141122620068480,0.054881625088650,0.280435905065493,0.111572585248698,0.211769731413633,0.104980198171147
0.383561643835617,1,0.093199807980636,0.140353736487581,0.055249345180054,0.279055776177952,0.112150387157228,0.213877863604989,0.106113083403897
0.389273356401384,1,0.091185690972818,0.139570404094268,0.055621065915830,0.277643276196909,0.112739663823210,0.215992443323452,0.107247455665930
0.395104895104895,1,0.089195306803582,0.138772564483321,0.055997105144094,0.276197817756316,0.113341521498427,0.218112893274610,0.108382791032163
0.401060070671378,1,0.087229000188372,0.137960154946546,0.056377809911084,0.274718774136028,0.113957155579107,0.220238582076579,0.109518523159794
0.407142857142857,1,0.085287139909161,0.137133107623397,0.056763559700420,0.273205475624943,0.114587859022604,0.222368818615193,0.110654039496708
0.413357400722021,1,0.083370121338692,0.136291348510634,0.057154770110643,0.271657205491279,0.115235031751139,0.224502845706795,0.111788677088453
0.41970802919708,1,0.081478369281199,0.135434796275752,0.057551897024471,0.270073195448407,0.115900191151963,0.226639832908082,0.112921717902516
0.42619926199262,1,0.079612341198070,0.134563360879618,0.057955441367189,0.268452620624305,0.116584983869211,0.228778868418875,0.114052383642055
0.432835820895522,1,0.077772530853103,0.133676941926423,0.058365954526207,0.266794593873814,0.117291199031354,0.230918949847253,0.115179829934129
0.439622641509434,1,0.075959472469557,0.132775426742595,0.058784044565641,0.265098159437528,0.118020783178820,0.233058973751643,0.116303139852038
0.446564885496183,1,0.074173745452448,0.131858688079955,0.059210383342194,0.263362285745010,0.118775857099172,0.235197723658553,0.117421316621874
0.453667953667954,1,0.072415979793554,0.130926581421788,0.059645714700772,0.261585857327445,0.119558734917573,0.237333856392817,0.118533275438378
0.4609375,1,0.070686862257391,0.129978941787014,0.060090863923848,0.259767665644514,0.120371945777134,0.239465886378109,0.119637834224324
0.468379446640316,1,0.068987143482204,0.129015579937538,0.060546748658701,0.257906398654346,0.121218258538063,0.241592167554562,0.120733703166950
0.476,1,0.067317646163050,0.128036277888092,0.061014391599759,0.256000628952115,0.122100710023501,0.243710872518639,0.121819472847314
0.483805668016194,1,0.065679274502299,0.127040783565294,0.061494935245468,0.254048800206482,0.123022637414990,0.245819968346792,0.122893600711344
0.491803278688525,1,0.064073025162084,0.126028804450768,0.061989659128225,0.252049211611334,0.123987715546567,0.247917188492443,0.123954395601157
0.497931747673216,1,0.062890076905650,0.125258799162331,0.062370865560003,0.250517063620164,0.124742265824446,0.249480797514854,0.124740131405192
0.498964267219058,1,0.062694770677867,0.125129533677297,0.062435299929050,0.250258933262025,0.124870733950631,0.249740530361388,0.124870198134408
0.499481731018398,1,0.062597318239859,0.125064800413766,0.062467616545067,0.250129567252184,0.124935266665443,0.249870298442654,0.124935132433650
0.5,1,0.0625,0.125,0.0625,0.25,0.125,0.25,0.125
